FL.No.0,404.00,-353.00,96.00,0.00
FL.No.1,388.00,-342.00,94.00,0.00
FL.No.2,372.00,-330.00,92.00,0.00
FL.No.3,356.00,-318.00,90.00,0.00
FL.No.4,339.00,-307.00,89.00,0.00
FL.No.5,321.00,-296.00,87.00,0.00
FL.No.6,303.00,-285.00,86.00,0.00
FL.No.7,285.00,-274.00,84.00,0.00
FL.No.8,267.00,-264.00,82.00,0.00
FL.No.9,249.00,-254.00,81.00,0.00
FL.No.10,246.00,-255.00,81.00,0.00
FL.No.11,243.00,-257.00,81.00,0.00
FL.No.12,241.00,-259.00,81.00,0.00
FL.No.13,239.00,-260.00,80.00,0.00
FL.No.14,238.00,-262.00,80.00,0.00
FL.No.15,236.00,-264.00,80.00,0.00
FL.No.16,235.00,-265.00,81.00,0.00
FL.No.17,235.00,-266.00,81.00,0.00
FL.No.18,235.00,-266.00,81.00,0.00
FL.No.19,237.00,-266.00,81.00,0.00
FL.No.20,240.00,-266.00,81.00,0.00
FL.No.21,244.00,-265.00,81.00,0.00
FL.No.22,249.00,-264.00,81.00,0.00
FL.No.23,255.00,-262.00,81.00,0.00
FL.No.24,262.00,-261.00,80.00,0.00
FL.No.25,270.00,-259.00,80.00,0.00
FL.No.26,279.00,-258.00,80.00,0.00
FL.No.27,287.00,-256.00,80.00,0.00
FL.No.28,294.00,-255.00,80.00,0.00
FL.No.29,301.00,-253.00,81.00,0.00
FL.No.30,306.00,-252.00,81.00,0.00
FL.No.31,310.00,-252.00,81.00,0.00
FL.No.32,312.00,-252.00,82.00,0.00
FL.No.33,315.00,-251.00,82.00,0.00
FL.No.34,316.00,-251.00,82.00,0.00
FL.No.35,316.00,-251.00,82.00,0.00
FL.No.36,317.00,-252.00,82.00,0.00
FL.No.37,317.00,-252.00,81.00,0.00
FL.No.38,318.00,-253.00,81.00,0.00
FL.No.39,318.00,-254.00,80.00,0.00
FL.No.40,319.00,-255.00,79.00,0.00
FL.No.41,320.00,-255.00,79.00,0.00
FL.No.42,320.00,-256.00,78.00,0.00
FL.No.43,321.00,-256.00,78.00,0.00
FL.No.44,322.00,-256.00,78.00,0.00
FL.No.45,323.00,-257.00,77.00,0.00
FL.No.46,323.00,-257.00,77.00,0.00
FL.No.47,323.00,-257.00,77.00,0.00
FL.No.48,324.00,-257.00,77.00,0.00
FL.No.49,324.00,-257.00,77.00,0.00
FL.No.50,324.00,-257.00,77.00,0.00
FL.No.51,324.00,-257.00,77.00,0.00
FL.No.52,324.00,-258.00,77.00,0.00
FL.No.53,324.00,-258.00,77.00,0.00
FL.No.54,324.00,-258.00,77.00,0.00
FL.No.55,324.00,-258.00,77.00,0.00
FL.No.56,324.00,-258.00,77.00,0.00
FL.No.57,324.00,-258.00,77.00,0.00
FL.No.58,323.00,-258.00,76.00,0.00
FL.No.59,323.00,-261.00,75.00,0.00
FL.No.60,323.00,-266.00,75.00,0.00
FL.No.61,322.00,-270.00,73.00,0.00
FL.No.62,321.00,-274.00,70.00,0.00
FL.No.63,320.00,-277.00,68.00,0.00
FL.No.64,319.00,-281.00,67.00,0.00
FL.No.65,318.00,-283.00,65.00,0.00
FL.No.66,317.00,-286.00,63.00,0.00
FL.No.67,316.00,-289.00,62.00,0.00
FL.No.68,315.00,-291.00,61.00,0.00
FL.No.69,314.00,-290.00,60.00,0.00
FL.No.70,313.00,-288.00,59.00,0.00
FL.No.71,312.00,-286.00,60.00,0.00
FL.No.72,310.00,-283.00,61.00,0.00
FL.No.73,309.00,-280.00,62.00,0.00
FL.No.74,308.00,-277.00,63.00,0.00
FL.No.75,306.00,-275.00,64.00,0.00
FL.No.76,304.00,-271.00,65.00,0.00
FL.No.77,302.00,-268.00,67.00,0.00
FL.No.78,301.00,-265.00,68.00,0.00
FL.No.79,299.00,-262.00,70.00,0.00
FL.No.80,298.00,-259.00,71.00,0.00
FL.No.81,297.00,-257.00,72.00,0.00
FL.No.82,297.00,-255.00,73.00,0.00
FL.No.83,296.00,-253.00,74.00,0.00
FL.No.84,296.00,-252.00,75.00,0.00
FL.No.85,297.00,-252.00,75.00,0.00
FL.No.86,297.00,-251.00,75.00,0.00
FL.No.87,298.00,-251.00,75.00,0.00
FL.No.88,298.00,-251.00,75.00,0.00
FL.No.89,299.00,-251.00,75.00,0.00
FL.No.90,299.00,-251.00,75.00,0.00
FL.No.91,300.00,-251.00,75.00,0.00
FL.No.92,300.00,-251.00,75.00,0.00
FL.No.93,301.00,-251.00,75.00,0.00
FL.No.94,301.00,-251.00,75.00,0.00
FL.No.95,301.00,-251.00,75.00,0.00
FL.No.96,301.00,-251.00,75.00,0.00
FL.No.97,301.00,-250.00,75.00,0.00
FL.No.98,301.00,-250.00,75.00,0.00
FL.No.99,301.00,-250.00,75.00,0.00
FL.No.100,300.00,-249.00,75.00,0.00
FL.No.101,300.00,-249.00,76.00,0.00
FL.No.102,300.00,-249.00,76.00,0.00
FL.No.103,300.00,-248.00,76.00,0.00
FL.No.104,300.00,-248.00,76.00,0.00
FL.No.105,300.00,-248.00,76.00,0.00
FL.No.106,300.00,-247.00,76.00,0.00
FL.No.107,299.00,-247.00,76.00,0.00
FL.No.108,299.00,-247.00,76.00,0.00
FL.No.109,298.00,-247.00,76.00,0.00
FL.No.110,297.00,-247.00,76.00,0.00
FL.No.111,296.00,-247.00,75.00,0.00
FL.No.112,294.00,-247.00,75.00,0.00
FL.No.113,292.00,-247.00,75.00,0.00
FL.No.114,290.00,-248.00,74.00,0.00
FL.No.115,287.00,-248.00,74.00,0.00
FL.No.116,284.00,-248.00,74.00,0.00
FL.No.117,281.00,-249.00,73.00,0.00
FL.No.118,277.00,-249.00,73.00,0.00
FL.No.119,273.00,-250.00,72.00,0.00
FL.No.120,268.00,-252.00,72.00,0.00
FL.No.121,263.00,-253.00,72.00,0.00
FL.No.122,257.00,-255.00,71.00,0.00
FL.No.123,252.00,-257.00,71.00,0.00
FL.No.124,245.00,-260.00,71.00,0.00
FL.No.125,239.00,-263.00,71.00,0.00
FL.No.126,233.00,-267.00,71.00,0.00
FL.No.127,226.00,-272.00,71.00,0.00
FL.No.128,220.00,-277.00,71.00,0.00
FL.No.129,214.00,-284.00,71.00,0.00
FL.No.130,209.00,-291.00,71.00,0.00
FL.No.131,204.00,-299.00,71.00,0.00
FL.No.132,199.00,-308.00,72.00,0.00
FL.No.133,196.00,-317.00,72.00,0.00
FL.No.134,193.00,-326.00,72.00,0.00
FL.No.135,191.00,-335.00,73.00,0.00
FL.No.136,189.00,-345.00,74.00,0.00
FL.No.137,188.00,-354.00,74.00,0.00
FL.No.138,187.00,-363.00,76.00,0.00
FL.No.139,188.00,-372.00,77.00,0.00
FL.No.140,188.00,-380.00,78.00,0.00
FL.No.141,189.00,-389.00,80.00,0.00
FL.No.142,191.00,-397.00,81.00,0.00
FL.No.143,193.00,-404.00,82.00,0.00
FL.No.144,196.00,-412.00,84.00,0.00
FL.No.145,200.00,-419.00,84.00,0.00
FL.No.146,204.00,-426.00,85.00,0.00
FL.No.147,209.00,-432.00,86.00,0.00
FL.No.148,214.00,-437.00,86.00,0.00
FL.No.149,220.00,-442.00,86.00,0.00
FL.No.150,225.00,-447.00,87.00,0.00
FL.No.151,231.00,-451.00,87.00,0.00
FL.No.152,237.00,-455.00,88.00,0.00
FL.No.153,244.00,-459.00,88.00,0.00
FL.No.154,250.00,-462.00,89.00,0.00
FL.No.155,256.00,-465.00,89.00,0.00
FL.No.156,262.00,-467.00,90.00,0.00
FL.No.157,268.00,-470.00,91.00,0.00
FL.No.158,274.00,-472.00,91.00,0.00
FL.No.159,280.00,-473.00,92.00,0.00
FL.No.160,287.00,-474.00,93.00,0.00
FL.No.161,293.00,-475.00,93.00,0.00
FL.No.162,299.00,-474.00,93.00,0.00
FL.No.163,304.00,-474.00,93.00,0.00
FL.No.164,310.00,-473.00,93.00,0.00
FL.No.165,316.00,-472.00,93.00,0.00
FL.No.166,322.00,-471.00,92.00,0.00
FL.No.167,327.00,-469.00,92.00,0.00
FL.No.168,332.00,-467.00,91.00,0.00
FL.No.169,337.00,-465.00,90.00,0.00
FL.No.170,342.00,-462.00,90.00,0.00
FL.No.171,346.00,-459.00,89.00,0.00
FL.No.172,351.00,-456.00,89.00,0.00
FL.No.173,356.00,-452.00,88.00,0.00
FL.No.174,360.00,-448.00,87.00,0.00
FL.No.175,364.00,-444.00,86.00,0.00
FL.No.176,368.00,-440.00,86.00,0.00
FL.No.177,372.00,-435.00,85.00,0.00
FL.No.178,375.00,-431.00,84.00,0.00
FL.No.179,378.00,-426.00,83.00,0.00
FL.No.180,380.00,-421.00,82.00,0.00
FL.No.181,383.00,-416.00,82.00,0.00
FL.No.182,385.00,-411.00,81.00,0.00
FL.No.183,386.00,-405.00,80.00,0.00
FL.No.184,388.00,-400.00,80.00,0.00
FL.No.185,390.00,-395.00,80.00,0.00
FL.No.186,391.00,-390.00,79.00,0.00
FL.No.187,392.00,-385.00,79.00,0.00
FL.No.188,393.00,-380.00,78.00,0.00
FL.No.189,393.00,-374.00,78.00,0.00
FL.No.190,393.00,-368.00,78.00,0.00
FL.No.191,392.00,-362.00,77.00,0.00
FL.No.192,391.00,-356.00,77.00,0.00
FL.No.193,389.00,-350.00,76.00,0.00
FL.No.194,387.00,-343.00,76.00,0.00
FL.No.195,384.00,-336.00,75.00,0.00
FL.No.196,380.00,-329.00,74.00,0.00
FL.No.197,376.00,-322.00,74.00,0.00
FL.No.198,371.00,-315.00,73.00,0.00
FL.No.199,366.00,-309.00,72.00,0.00
FL.No.200,361.00,-303.00,72.00,0.00
FL.No.201,355.00,-297.00,71.00,0.00
FL.No.202,350.00,-292.00,71.00,0.00
FL.No.203,344.00,-288.00,70.00,0.00
FL.No.204,338.00,-284.00,70.00,0.00
FL.No.205,332.00,-281.00,70.00,0.00
FL.No.206,327.00,-278.00,70.00,0.00
FL.No.207,321.00,-275.00,70.00,0.00
FL.No.208,316.00,-273.00,70.00,0.00
FL.No.209,310.00,-272.00,71.00,0.00
FL.No.210,305.00,-271.00,71.00,0.00
FL.No.211,300.00,-270.00,71.00,0.00
FL.No.212,294.00,-269.00,71.00,0.00
FL.No.213,289.00,-268.00,71.00,0.00
FL.No.214,284.00,-268.00,71.00,0.00
FL.No.215,278.00,-268.00,71.00,0.00
FL.No.216,273.00,-268.00,71.00,0.00
FL.No.217,268.00,-268.00,71.00,0.00
FL.No.218,264.00,-268.00,71.00,0.00
FL.No.219,260.00,-268.00,72.00,0.00
FL.No.220,256.00,-269.00,71.00,0.00
FL.No.221,252.00,-270.00,71.00,0.00
FL.No.222,249.00,-272.00,71.00,0.00
FL.No.223,246.00,-274.00,70.00,0.00
FL.No.224,242.00,-276.00,70.00,0.00
FL.No.225,239.00,-278.00,69.00,0.00
FL.No.226,236.00,-281.00,69.00,0.00
FL.No.227,232.00,-283.00,69.00,0.00
FL.No.228,228.00,-286.00,69.00,0.00
FL.No.229,225.00,-289.00,69.00,0.00
FL.No.230,221.00,-291.00,70.00,0.00
FL.No.231,217.00,-294.00,70.00,0.00
FL.No.232,212.00,-298.00,71.00,0.00
FL.No.233,208.00,-301.00,72.00,0.00
FL.No.234,204.00,-305.00,73.00,0.00
FL.No.235,200.00,-309.00,74.00,0.00
FL.No.236,197.00,-314.00,75.00,0.00
FL.No.237,194.00,-320.00,76.00,0.00
FL.No.238,191.00,-326.00,77.00,0.00
FL.No.239,188.00,-333.00,78.00,0.00
FL.No.240,186.00,-340.00,78.00,0.00
FL.No.241,185.00,-347.00,79.00,0.00
FL.No.242,184.00,-354.00,80.00,0.00
FL.No.243,183.00,-362.00,81.00,0.00
FL.No.244,183.00,-369.00,82.00,0.00
FL.No.245,182.00,-376.00,84.00,0.00
FL.No.246,183.00,-383.00,85.00,0.00
FL.No.247,183.00,-390.00,87.00,0.00
FL.No.248,184.00,-397.00,89.00,0.00
FL.No.249,185.00,-404.00,93.00,0.00
FL.No.250,186.00,-410.00,95.00,0.00
FL.No.251,188.00,-417.00,97.00,0.00
FL.No.252,191.00,-423.00,98.00,0.00
FL.No.253,194.00,-430.00,99.00,0.00
FL.No.254,198.00,-436.00,101.00,0.00
FL.No.255,203.00,-441.00,102.00,0.00
FL.No.256,208.00,-447.00,103.00,0.00
FL.No.257,213.00,-452.00,103.00,0.00
FL.No.258,219.00,-457.00,104.00,0.00
FL.No.259,225.00,-460.00,102.00,0.00
FL.No.260,231.00,-464.00,102.00,0.00
FL.No.261,237.00,-466.00,102.00,0.00
FL.No.262,243.00,-468.00,101.00,0.00
FL.No.263,249.00,-469.00,101.00,0.00
FL.No.264,255.00,-471.00,101.00,0.00
FL.No.265,262.00,-471.00,100.00,0.00
FL.No.266,268.00,-472.00,99.00,0.00
FL.No.267,275.00,-471.00,98.00,0.00
FL.No.268,281.00,-471.00,97.00,0.00
FL.No.269,288.00,-470.00,96.00,0.00
FL.No.270,294.00,-469.00,95.00,0.00
FL.No.271,300.00,-468.00,94.00,0.00
FL.No.272,305.00,-467.00,94.00,0.00
FL.No.273,311.00,-466.00,93.00,0.00
FL.No.274,316.00,-465.00,92.00,0.00
FL.No.275,321.00,-463.00,92.00,0.00
FL.No.276,326.00,-461.00,91.00,0.00
FL.No.277,331.00,-459.00,91.00,0.00
FL.No.278,336.00,-457.00,90.00,0.00
FL.No.279,340.00,-455.00,90.00,0.00
FL.No.280,345.00,-453.00,90.00,0.00
FL.No.281,349.00,-450.00,89.00,0.00
FL.No.282,354.00,-447.00,88.00,0.00
FL.No.283,358.00,-443.00,87.00,0.00
FL.No.284,361.00,-439.00,86.00,0.00
FL.No.285,364.00,-435.00,85.00,0.00
FL.No.286,367.00,-430.00,83.00,0.00
FL.No.287,369.00,-424.00,82.00,0.00
FL.No.288,372.00,-419.00,81.00,0.00
FL.No.289,374.00,-413.00,80.00,0.00
FL.No.290,376.00,-407.00,79.00,0.00
FL.No.291,379.00,-402.00,78.00,0.00
FL.No.292,382.00,-396.00,78.00,0.00
FL.No.293,384.00,-391.00,78.00,0.00
FL.No.294,387.00,-386.00,78.00,0.00
FL.No.295,389.00,-381.00,78.00,0.00
FL.No.296,391.00,-377.00,79.00,0.00
FL.No.297,393.00,-373.00,80.00,0.00
FL.No.298,395.00,-369.00,81.00,0.00
FL.No.299,396.00,-365.00,81.00,0.00
FL.No.300,396.00,-360.00,81.00,0.00
FL.No.301,397.00,-356.00,81.00,0.00
FL.No.302,397.00,-351.00,82.00,0.00
FL.No.303,396.00,-346.00,82.00,0.00
FL.No.304,396.00,-341.00,82.00,0.00
FL.No.305,394.00,-335.00,82.00,0.00
FL.No.306,393.00,-329.00,82.00,0.00
FL.No.307,391.00,-322.00,81.00,0.00
FL.No.308,388.00,-316.00,81.00,0.00
FL.No.309,386.00,-310.00,81.00,0.00
FL.No.310,383.00,-304.00,82.00,0.00
FL.No.311,380.00,-299.00,81.00,0.00
FL.No.312,377.00,-294.00,81.00,0.00
FL.No.313,373.00,-289.00,81.00,0.00
FL.No.314,369.00,-285.00,81.00,0.00
FL.No.315,365.00,-281.00,80.00,0.00
FL.No.316,360.00,-278.00,80.00,0.00
FL.No.317,355.00,-275.00,80.00,0.00
FL.No.318,350.00,-272.00,79.00,0.00
FL.No.319,344.00,-269.00,79.00,0.00
FL.No.320,338.00,-266.00,79.00,0.00
FL.No.321,332.00,-264.00,78.00,0.00
FL.No.322,325.00,-261.00,78.00,0.00
FL.No.323,317.00,-259.00,78.00,0.00
FL.No.324,310.00,-258.00,78.00,0.00
FL.No.325,303.00,-256.00,79.00,0.00
FL.No.326,295.00,-255.00,79.00,0.00
FL.No.327,288.00,-254.00,79.00,0.00
FL.No.328,282.00,-253.00,80.00,0.00
FL.No.329,275.00,-253.00,80.00,0.00
FL.No.330,269.00,-253.00,80.00,0.00
FL.No.331,264.00,-253.00,81.00,0.00
FL.No.332,259.00,-253.00,81.00,0.00
FL.No.333,255.00,-254.00,81.00,0.00
FL.No.334,252.00,-255.00,80.00,0.00
FL.No.335,249.00,-256.00,80.00,0.00
FL.No.336,246.00,-257.00,79.00,0.00
FL.No.337,244.00,-258.00,79.00,0.00
FL.No.338,242.00,-260.00,78.00,0.00
FL.No.339,241.00,-262.00,77.00,0.00
FL.No.340,239.00,-263.00,76.00,0.00
FL.No.341,236.00,-266.00,75.00,0.00
FL.No.342,234.00,-268.00,75.00,0.00
FL.No.343,231.00,-271.00,74.00,0.00
FL.No.344,228.00,-273.00,74.00,0.00
FL.No.345,224.00,-277.00,73.00,0.00
FL.No.346,220.00,-280.00,74.00,0.00
FL.No.347,216.00,-283.00,74.00,0.00
FL.No.348,212.00,-287.00,74.00,0.00
FL.No.349,207.00,-291.00,75.00,0.00
FL.No.350,203.00,-295.00,76.00,0.00
FL.No.351,200.00,-300.00,77.00,0.00
FL.No.352,196.00,-305.00,77.00,0.00
FL.No.353,193.00,-310.00,78.00,0.00
FL.No.354,190.00,-316.00,78.00,0.00
FL.No.355,188.00,-322.00,79.00,0.00
FL.No.356,186.00,-327.00,80.00,0.00
FL.No.357,184.00,-334.00,81.00,0.00
FL.No.358,182.00,-340.00,81.00,0.00
FL.No.359,180.00,-346.00,82.00,0.00
FL.No.360,179.00,-353.00,84.00,0.00
FL.No.361,178.00,-359.00,85.00,0.00
FL.No.362,177.00,-365.00,86.00,0.00
FL.No.363,176.00,-372.00,88.00,0.00
FL.No.364,175.00,-378.00,90.00,0.00
FL.No.365,175.00,-384.00,92.00,0.00
FL.No.366,176.00,-390.00,94.00,0.00
FL.No.367,176.00,-395.00,95.00,0.00
FL.No.368,178.00,-401.00,97.00,0.00
FL.No.369,180.00,-406.00,97.00,0.00
FL.No.370,183.00,-411.00,97.00,0.00
FL.No.371,186.00,-416.00,97.00,0.00
FL.No.372,190.00,-421.00,97.00,0.00
FL.No.373,194.00,-425.00,97.00,0.00
FL.No.374,199.00,-429.00,96.00,0.00
FL.No.375,204.00,-433.00,95.00,0.00
FL.No.376,208.00,-436.00,94.00,0.00
FL.No.377,213.00,-440.00,94.00,0.00
FL.No.378,218.00,-443.00,93.00,0.00
FL.No.379,223.00,-446.00,93.00,0.00
FL.No.380,228.00,-448.00,92.00,0.00
FL.No.381,233.00,-451.00,92.00,0.00
FL.No.382,237.00,-453.00,92.00,0.00
FL.No.383,242.00,-455.00,92.00,0.00
FL.No.384,248.00,-456.00,92.00,0.00
FL.No.385,253.00,-458.00,91.00,0.00
FL.No.386,258.00,-459.00,91.00,0.00
FL.No.387,263.00,-459.00,91.00,0.00
FL.No.388,269.00,-460.00,91.00,0.00
FL.No.389,275.00,-461.00,90.00,0.00
FL.No.390,281.00,-461.00,90.00,0.00
FL.No.391,287.00,-461.00,90.00,0.00
FL.No.392,294.00,-461.00,89.00,0.00
FL.No.393,301.00,-461.00,89.00,0.00
FL.No.394,308.00,-460.00,89.00,0.00
FL.No.395,315.00,-459.00,89.00,0.00
FL.No.396,322.00,-457.00,88.00,0.00
FL.No.397,328.00,-456.00,88.00,0.00
FL.No.398,335.00,-454.00,88.00,0.00
FL.No.399,341.00,-451.00,87.00,0.00
FL.No.400,347.00,-448.00,87.00,0.00
FL.No.401,352.00,-444.00,86.00,0.00
FL.No.402,356.00,-440.00,85.00,0.00
FL.No.403,360.00,-436.00,84.00,0.00
FL.No.404,363.00,-431.00,83.00,0.00
FL.No.405,367.00,-426.00,82.00,0.00
FL.No.406,370.00,-421.00,81.00,0.00
FL.No.407,373.00,-415.00,80.00,0.00
FL.No.408,376.00,-409.00,79.00,0.00
FL.No.409,379.00,-404.00,79.00,0.00
FL.No.410,381.00,-398.00,78.00,0.00
FL.No.411,384.00,-392.00,78.00,0.00
FL.No.412,387.00,-386.00,78.00,0.00
FL.No.413,389.00,-381.00,78.00,0.00
FL.No.414,390.00,-376.00,78.00,0.00
FL.No.415,391.00,-370.00,78.00,0.00
FL.No.416,392.00,-365.00,78.00,0.00
FL.No.417,393.00,-359.00,78.00,0.00
FL.No.418,393.00,-353.00,78.00,0.00
FL.No.419,392.00,-347.00,78.00,0.00
FL.No.420,391.00,-340.00,78.00,0.00
FL.No.421,389.00,-334.00,77.00,0.00
FL.No.422,387.00,-327.00,76.00,0.00
FL.No.423,384.00,-319.00,76.00,0.00
FL.No.424,381.00,-312.00,75.00,0.00
FL.No.425,377.00,-304.00,75.00,0.00
FL.No.426,372.00,-297.00,75.00,0.00
FL.No.427,367.00,-290.00,75.00,0.00
FL.No.428,362.00,-283.00,74.00,0.00
FL.No.429,356.00,-277.00,74.00,0.00
FL.No.430,349.00,-271.00,74.00,0.00
FL.No.431,342.00,-266.00,73.00,0.00
FL.No.432,335.00,-261.00,73.00,0.00
FL.No.433,327.00,-256.00,73.00,0.00
FL.No.434,319.00,-252.00,72.00,0.00
FL.No.435,312.00,-249.00,71.00,0.00
FL.No.436,306.00,-245.00,70.00,0.00
FL.No.437,300.00,-242.00,68.00,0.00
FL.No.438,295.00,-240.00,67.00,0.00
FL.No.439,289.00,-238.00,66.00,0.00
FL.No.440,285.00,-237.00,64.00,0.00
FL.No.441,281.00,-236.00,63.00,0.00
FL.No.442,278.00,-235.00,61.00,0.00
FL.No.443,274.00,-235.00,60.00,0.00
FL.No.444,271.00,-236.00,59.00,0.00
FL.No.445,266.00,-237.00,59.00,0.00
FL.No.446,261.00,-240.00,60.00,0.00
FL.No.447,253.00,-243.00,61.00,0.00
FL.No.448,245.00,-246.00,64.00,0.00
FL.No.449,235.00,-250.00,68.00,0.00
FL.No.450,222.00,-256.00,75.00,0.00
FL.No.451,206.00,-262.00,86.00,0.00
FL.No.452,190.00,-269.00,103.00,0.00
FL.No.453,173.00,-276.00,122.00,0.00
FL.No.454,157.00,-282.00,145.00,0.00
FL.No.455,143.00,-287.00,170.00,0.00
FL.No.456,130.00,-291.00,197.00,0.00
FL.No.457,119.00,-295.00,225.00,0.00
FL.No.458,110.00,-299.00,253.00,0.00
FL.No.459,103.00,-302.00,281.00,0.00
FL.No.460,100.00,-305.00,308.00,0.00
FL.No.461,100.00,-307.00,330.00,0.00
FL.No.462,102.00,-309.00,348.00,0.00
FL.No.463,105.00,-312.00,363.00,0.00
FL.No.464,107.00,-315.00,376.00,0.00
FL.No.465,110.00,-320.00,386.00,0.00
FL.No.466,113.00,-325.00,394.00,0.00
FL.No.467,116.00,-332.00,401.00,0.00
FL.No.468,118.00,-339.00,407.00,0.00
FL.No.469,120.00,-346.00,412.00,0.00
FL.No.470,122.00,-353.00,414.00,0.00
FL.No.471,124.00,-361.00,416.00,0.00
FL.No.472,125.00,-369.00,417.00,0.00
FL.No.473,126.00,-377.00,417.00,0.00
FL.No.474,128.00,-385.00,416.00,0.00
FL.No.475,129.00,-393.00,413.00,0.00
FL.No.476,129.00,-401.00,410.00,0.00
FL.No.477,130.00,-409.00,406.00,0.00
FL.No.478,131.00,-417.00,401.00,0.00
FL.No.479,131.00,-423.00,395.00,0.00
FL.No.480,132.00,-430.00,390.00,0.00
FL.No.481,133.00,-436.00,385.00,0.00
FL.No.482,134.00,-442.00,379.00,0.00
FL.No.483,134.00,-447.00,374.00,0.00
FL.No.484,135.00,-451.00,369.00,0.00
FL.No.485,136.00,-455.00,363.00,0.00
FL.No.486,137.00,-459.00,358.00,0.00
FL.No.487,138.00,-463.00,353.00,0.00
FL.No.488,139.00,-466.00,348.00,0.00
FL.No.489,140.00,-469.00,342.00,0.00
FL.No.490,141.00,-471.00,336.00,0.00
FL.No.491,141.00,-474.00,329.00,0.00
FL.No.492,142.00,-476.00,323.00,0.00
FL.No.493,143.00,-478.00,316.00,0.00
FL.No.494,144.00,-479.00,309.00,0.00
FL.No.495,144.00,-481.00,302.00,0.00
FL.No.496,145.00,-481.00,295.00,0.00
FL.No.497,145.00,-482.00,289.00,0.00
FL.No.498,145.00,-481.00,282.00,0.00
FL.No.499,146.00,-481.00,275.00,0.00
FL.No.500,146.00,-481.00,269.00,0.00
FL.No.501,147.00,-480.00,262.00,0.00
FL.No.502,147.00,-479.00,256.00,0.00
FL.No.503,148.00,-478.00,249.00,0.00
FL.No.504,149.00,-477.00,243.00,0.00
FL.No.505,150.00,-476.00,236.00,0.00
FL.No.506,151.00,-475.00,230.00,0.00
FL.No.507,152.00,-474.00,224.00,0.00
FL.No.508,154.00,-472.00,218.00,0.00
FL.No.509,155.00,-471.00,212.00,0.00
FL.No.510,157.00,-469.00,206.00,0.00
FL.No.511,159.00,-468.00,200.00,0.00
FL.No.512,160.00,-466.00,195.00,0.00
FL.No.513,162.00,-464.00,189.00,0.00
FL.No.514,164.00,-462.00,183.00,0.00
FL.No.515,166.00,-459.00,178.00,0.00
FL.No.516,167.00,-456.00,172.00,0.00
FL.No.517,168.00,-453.00,167.00,0.00
FL.No.518,169.00,-449.00,162.00,0.00
FL.No.519,170.00,-446.00,157.00,0.00
FL.No.520,170.00,-441.00,153.00,0.00
FL.No.521,170.00,-437.00,149.00,0.00
FL.No.522,170.00,-432.00,145.00,0.00
FL.No.523,169.00,-427.00,142.00,0.00
FL.No.524,169.00,-422.00,140.00,0.00
FL.No.525,168.00,-417.00,137.00,0.00
FL.No.526,167.00,-412.00,136.00,0.00
FL.No.527,165.00,-406.00,134.00,0.00
FL.No.528,164.00,-401.00,134.00,0.00
FL.No.529,162.00,-395.00,133.00,0.00
FL.No.530,160.00,-389.00,133.00,0.00
FL.No.531,158.00,-383.00,134.00,0.00
FL.No.532,156.00,-377.00,135.00,0.00
FL.No.533,153.00,-372.00,136.00,0.00
FL.No.534,151.00,-366.00,138.00,0.00
FL.No.535,148.00,-360.00,141.00,0.00
FL.No.536,145.00,-354.00,143.00,0.00
FL.No.537,143.00,-349.00,146.00,0.00
FL.No.538,140.00,-344.00,149.00,0.00
FL.No.539,138.00,-338.00,151.00,0.00
FL.No.540,136.00,-334.00,154.00,0.00
FL.No.541,135.00,-330.00,156.00,0.00
FL.No.542,133.00,-326.00,159.00,0.00
FL.No.543,132.00,-322.00,161.00,0.00
FL.No.544,131.00,-319.00,163.00,0.00
FL.No.545,130.00,-316.00,165.00,0.00
FL.No.546,129.00,-314.00,166.00,0.00
FL.No.547,129.00,-312.00,168.00,0.00
FL.No.548,128.00,-310.00,170.00,0.00
FL.No.549,127.00,-308.00,172.00,0.00
FL.No.550,126.00,-307.00,173.00,0.00
FL.No.551,125.00,-305.00,175.00,0.00
FL.No.552,125.00,-303.00,178.00,0.00
FL.No.553,124.00,-301.00,180.00,0.00
FL.No.554,123.00,-299.00,183.00,0.00
FL.No.555,122.00,-297.00,187.00,0.00
FL.No.556,121.00,-296.00,191.00,0.00
FL.No.557,119.00,-295.00,195.00,0.00
FL.No.558,118.00,-293.00,199.00,0.00
FL.No.559,117.00,-292.00,204.00,0.00
FL.No.560,116.00,-292.00,209.00,0.00
FL.No.561,114.00,-291.00,214.00,0.00
FL.No.562,113.00,-290.00,220.00,0.00
FL.No.563,112.00,-289.00,225.00,0.00
FL.No.564,111.00,-289.00,231.00,0.00
FL.No.565,109.00,-289.00,238.00,0.00
FL.No.566,108.00,-288.00,244.00,0.00
FL.No.567,107.00,-288.00,250.00,0.00
FL.No.568,106.00,-288.00,257.00,0.00
FL.No.569,104.00,-289.00,264.00,0.00
FL.No.570,103.00,-289.00,270.00,0.00
FL.No.571,102.00,-290.00,276.00,0.00
FL.No.572,101.00,-292.00,282.00,0.00
FL.No.573,100.00,-293.00,288.00,0.00
FL.No.574,99.00,-295.00,294.00,0.00
FL.No.575,98.00,-297.00,299.00,0.00
FL.No.576,98.00,-299.00,303.00,0.00
FL.No.577,97.00,-301.00,308.00,0.00
FL.No.578,97.00,-303.00,314.00,0.00
FL.No.579,97.00,-306.00,319.00,0.00
FL.No.580,97.00,-308.00,325.00,0.00
FL.No.581,97.00,-311.00,331.00,0.00
FL.No.582,97.00,-313.00,337.00,0.00
FL.No.583,97.00,-316.00,344.00,0.00
FL.No.584,98.00,-318.00,349.00,0.00
FL.No.585,99.00,-321.00,355.00,0.00
FL.No.586,100.00,-324.00,361.00,0.00
FL.No.587,101.00,-326.00,366.00,0.00
FL.No.588,101.00,-329.00,370.00,0.00
FL.No.589,102.00,-332.00,375.00,0.00
FL.No.590,104.00,-336.00,379.00,0.00
FL.No.591,105.00,-340.00,382.00,0.00
FL.No.592,106.00,-345.00,386.00,0.00
FL.No.593,108.00,-351.00,389.00,0.00
FL.No.594,110.00,-357.00,392.00,0.00
FL.No.595,112.00,-364.00,395.00,0.00
FL.No.596,114.00,-372.00,398.00,0.00
FL.No.597,117.00,-380.00,401.00,0.00
FL.No.598,120.00,-388.00,402.00,0.00
FL.No.599,122.00,-396.00,403.00,0.00
FL.No.600,125.00,-404.00,403.00,0.00
FL.No.601,128.00,-411.00,403.00,0.00
FL.No.602,130.00,-419.00,401.00,0.00
FL.No.603,133.00,-426.00,399.00,0.00
FL.No.604,135.00,-433.00,396.00,0.00
FL.No.605,137.00,-440.00,392.00,0.00
FL.No.606,139.00,-446.00,387.00,0.00
FL.No.607,141.00,-452.00,381.00,0.00
FL.No.608,143.00,-457.00,375.00,0.00
FL.No.609,144.00,-462.00,368.00,0.00
FL.No.610,145.00,-467.00,361.00,0.00
FL.No.611,147.00,-471.00,353.00,0.00
FL.No.612,148.00,-474.00,344.00,0.00
FL.No.613,148.00,-477.00,336.00,0.00
FL.No.614,149.00,-479.00,327.00,0.00
FL.No.615,150.00,-481.00,318.00,0.00
FL.No.616,150.00,-482.00,309.00,0.00
FL.No.617,151.00,-482.00,300.00,0.00
FL.No.618,152.00,-483.00,292.00,0.00
FL.No.619,152.00,-483.00,283.00,0.00
FL.No.620,153.00,-482.00,274.00,0.00
FL.No.621,154.00,-481.00,266.00,0.00
FL.No.622,155.00,-480.00,257.00,0.00
FL.No.623,155.00,-478.00,249.00,0.00
FL.No.624,155.00,-475.00,240.00,0.00
FL.No.625,155.00,-472.00,232.00,0.00
FL.No.626,155.00,-468.00,224.00,0.00
FL.No.627,154.00,-464.00,217.00,0.00
FL.No.628,154.00,-459.00,210.00,0.00
FL.No.629,152.00,-453.00,203.00,0.00
FL.No.630,151.00,-447.00,197.00,0.00
FL.No.631,150.00,-440.00,191.00,0.00
FL.No.632,148.00,-433.00,185.00,0.00
FL.No.633,147.00,-425.00,181.00,0.00
FL.No.634,145.00,-418.00,176.00,0.00
FL.No.635,144.00,-410.00,173.00,0.00
FL.No.636,142.00,-402.00,170.00,0.00
FL.No.637,140.00,-393.00,168.00,0.00
FL.No.638,139.00,-385.00,166.00,0.00
FL.No.639,137.00,-376.00,166.00,0.00
FL.No.640,135.00,-368.00,167.00,0.00
FL.No.641,132.00,-360.00,168.00,0.00
FL.No.642,130.00,-352.00,171.00,0.00
FL.No.643,127.00,-345.00,175.00,0.00
FL.No.644,125.00,-337.00,179.00,0.00
FL.No.645,122.00,-331.00,184.00,0.00
FL.No.646,120.00,-325.00,189.00,0.00
FL.No.647,118.00,-321.00,194.00,0.00
FL.No.648,116.00,-317.00,199.00,0.00
FL.No.649,114.00,-313.00,204.00,0.00
FL.No.650,112.00,-310.00,209.00,0.00
FL.No.651,111.00,-308.00,213.00,0.00
FL.No.652,109.00,-306.00,217.00,0.00
FL.No.653,108.00,-305.00,222.00,0.00
FL.No.654,106.00,-304.00,226.00,0.00
FL.No.655,105.00,-303.00,231.00,0.00
FL.No.656,104.00,-302.00,235.00,0.00
FL.No.657,103.00,-301.00,240.00,0.00
FL.No.658,102.00,-300.00,245.00,0.00
FL.No.659,100.00,-300.00,251.00,0.00
FL.No.660,99.00,-300.00,258.00,0.00
FL.No.661,98.00,-302.00,265.00,0.00
FL.No.662,97.00,-305.00,272.00,0.00
FL.No.663,96.00,-309.00,280.00,0.00
FL.No.664,95.00,-316.00,287.00,0.00
FL.No.665,95.00,-324.00,295.00,0.00
FL.No.666,95.00,-334.00,302.00,0.00
FL.No.667,96.00,-347.00,308.00,0.00
FL.No.668,98.00,-361.00,315.00,0.00
FL.No.669,102.00,-376.00,320.00,0.00
FL.No.670,107.00,-393.00,326.00,0.00
FL.No.671,113.00,-411.00,331.00,0.00
FL.No.672,121.00,-428.00,335.00,0.00
FL.No.673,131.00,-445.00,340.00,0.00
FL.No.674,141.00,-461.00,344.00,0.00
FL.No.675,153.00,-476.00,348.00,0.00
FL.No.676,165.00,-490.00,352.00,0.00
FL.No.677,177.00,-501.00,356.00,0.00
FL.No.678,190.00,-511.00,360.00,0.00
FL.No.679,202.00,-519.00,365.00,0.00
FL.No.680,213.00,-526.00,369.00,0.00
FL.No.681,223.00,-531.00,372.00,0.00
FL.No.682,232.00,-535.00,375.00,0.00
FL.No.683,240.00,-538.00,377.00,0.00
FL.No.684,247.00,-540.00,378.00,0.00
FL.No.685,253.00,-542.00,380.00,0.00
FL.No.686,258.00,-543.00,382.00,0.00
FL.No.687,262.00,-544.00,383.00,0.00
FL.No.688,266.00,-545.00,384.00,0.00
FL.No.689,269.00,-546.00,385.00,0.00
FL.No.690,272.00,-546.00,385.00,0.00
FL.No.691,276.00,-547.00,386.00,0.00
FL.No.692,279.00,-547.00,387.00,0.00
FL.No.693,283.00,-547.00,389.00,0.00
FL.No.694,288.00,-547.00,390.00,0.00
FL.No.695,294.00,-546.00,391.00,0.00
FL.No.696,300.00,-547.00,391.00,0.00
FL.No.697,307.00,-546.00,391.00,0.00
FL.No.698,314.00,-546.00,391.00,0.00
FL.No.699,320.00,-546.00,391.00,0.00
FL.No.700,327.00,-545.00,390.00,0.00
FL.No.701,334.00,-545.00,389.00,0.00
FL.No.702,340.00,-544.00,387.00,0.00
FL.No.703,347.00,-543.00,385.00,0.00
FL.No.704,353.00,-543.00,383.00,0.00
FL.No.705,359.00,-542.00,380.00,0.00
FL.No.706,364.00,-541.00,377.00,0.00
FL.No.707,369.00,-540.00,373.00,0.00
FL.No.708,375.00,-539.00,370.00,0.00
FL.No.709,380.00,-539.00,365.00,0.00
FL.No.710,385.00,-538.00,359.00,0.00
FL.No.711,390.00,-537.00,354.00,0.00
FL.No.712,394.00,-536.00,347.00,0.00
FL.No.713,399.00,-535.00,340.00,0.00
FL.No.714,402.00,-535.00,333.00,0.00
FL.No.715,406.00,-534.00,325.00,0.00
FL.No.716,409.00,-533.00,317.00,0.00
FL.No.717,412.00,-532.00,310.00,0.00
FL.No.718,414.00,-531.00,302.00,0.00
FL.No.719,416.00,-530.00,295.00,0.00
FL.No.720,418.00,-529.00,288.00,0.00
FL.No.721,419.00,-528.00,282.00,0.00
FL.No.722,419.00,-527.00,276.00,0.00
FL.No.723,419.00,-527.00,271.00,0.00
FL.No.724,419.00,-527.00,266.00,0.00
FL.No.725,418.00,-526.00,261.00,0.00
FL.No.726,417.00,-526.00,257.00,0.00
FL.No.727,416.00,-526.00,252.00,0.00
FL.No.728,415.00,-526.00,246.00,0.00
FL.No.729,413.00,-527.00,241.00,0.00
FL.No.730,411.00,-527.00,236.00,0.00
FL.No.731,408.00,-527.00,231.00,0.00
FL.No.732,405.00,-528.00,226.00,0.00
FL.No.733,401.00,-529.00,221.00,0.00
FL.No.734,397.00,-530.00,216.00,0.00
FL.No.735,393.00,-530.00,212.00,0.00
FL.No.736,388.00,-532.00,207.00,0.00
FL.No.737,382.00,-533.00,204.00,0.00
FL.No.738,376.00,-534.00,201.00,0.00
FL.No.739,370.00,-535.00,198.00,0.00
FL.No.740,364.00,-536.00,196.00,0.00
FL.No.741,358.00,-537.00,193.00,0.00
FL.No.742,353.00,-537.00,191.00,0.00
FL.No.743,347.00,-537.00,187.00,0.00
FL.No.744,342.00,-536.00,184.00,0.00
FL.No.745,338.00,-535.00,181.00,0.00
FL.No.746,334.00,-534.00,179.00,0.00
FL.No.747,330.00,-533.00,176.00,0.00
FL.No.748,327.00,-532.00,173.00,0.00
FL.No.749,323.00,-531.00,171.00,0.00
FL.No.750,320.00,-529.00,169.00,0.00
FL.No.751,316.00,-528.00,168.00,0.00
FL.No.752,311.00,-527.00,167.00,0.00
FL.No.753,307.00,-527.00,166.00,0.00
FL.No.754,302.00,-526.00,167.00,0.00
FL.No.755,297.00,-526.00,167.00,0.00
FL.No.756,291.00,-525.00,168.00,0.00
FL.No.757,285.00,-525.00,170.00,0.00
FL.No.758,279.00,-525.00,171.00,0.00
FL.No.759,272.00,-525.00,173.00,0.00
FL.No.760,266.00,-524.00,176.00,0.00
FL.No.761,261.00,-525.00,179.00,0.00
FL.No.762,255.00,-525.00,182.00,0.00
FL.No.763,249.00,-525.00,186.00,0.00
FL.No.764,244.00,-524.00,191.00,0.00
FL.No.765,238.00,-524.00,196.00,0.00
FL.No.766,234.00,-525.00,201.00,0.00
FL.No.767,229.00,-525.00,207.00,0.00
FL.No.768,225.00,-525.00,213.00,0.00
FL.No.769,221.00,-525.00,218.00,0.00
FL.No.770,217.00,-525.00,224.00,0.00
FL.No.771,214.00,-525.00,229.00,0.00
FL.No.772,211.00,-525.00,233.00,0.00
FL.No.773,209.00,-524.00,236.00,0.00
FL.No.774,208.00,-525.00,239.00,0.00
FL.No.775,206.00,-525.00,242.00,0.00
FL.No.776,205.00,-524.00,244.00,0.00
FL.No.777,204.00,-525.00,246.00,0.00
FL.No.778,203.00,-525.00,248.00,0.00
FL.No.779,202.00,-525.00,250.00,0.00
FL.No.780,202.00,-525.00,252.00,0.00
FL.No.781,201.00,-525.00,256.00,0.00
FL.No.782,200.00,-525.00,260.00,0.00
FL.No.783,199.00,-525.00,265.00,0.00
FL.No.784,197.00,-525.00,270.00,0.00
FL.No.785,196.00,-525.00,277.00,0.00
FL.No.786,195.00,-525.00,284.00,0.00
FL.No.787,195.00,-525.00,292.00,0.00
FL.No.788,195.00,-525.00,300.00,0.00
FL.No.789,196.00,-525.00,308.00,0.00
FL.No.790,197.00,-525.00,316.00,0.00
FL.No.791,198.00,-525.00,325.00,0.00
FL.No.792,201.00,-525.00,333.00,0.00
FL.No.793,204.00,-525.00,341.00,0.00
FL.No.794,207.00,-525.00,350.00,0.00
FL.No.795,210.00,-525.00,357.00,0.00
FL.No.796,214.00,-525.00,364.00,0.00
FL.No.797,218.00,-524.00,371.00,0.00
FL.No.798,222.00,-524.00,377.00,0.00
FL.No.799,226.00,-524.00,383.00,0.00
FL.No.800,231.00,-523.00,388.00,0.00
FL.No.801,236.00,-523.00,393.00,0.00
FL.No.802,240.00,-524.00,397.00,0.00
FL.No.803,245.00,-524.00,399.00,0.00
FL.No.804,250.00,-525.00,401.00,0.00
FL.No.805,255.00,-526.00,402.00,0.00
FL.No.806,260.00,-528.00,403.00,0.00
FL.No.807,265.00,-529.00,403.00,0.00
FL.No.808,270.00,-530.00,403.00,0.00
FL.No.809,275.00,-532.00,402.00,0.00
FL.No.810,279.00,-533.00,402.00,0.00
FL.No.811,284.00,-534.00,401.00,0.00
FL.No.812,288.00,-534.00,401.00,0.00
FL.No.813,293.00,-535.00,401.00,0.00
FL.No.814,297.00,-535.00,401.00,0.00
FL.No.815,302.00,-535.00,401.00,0.00
FL.No.816,307.00,-535.00,400.00,0.00
FL.No.817,313.00,-535.00,399.00,0.00
FL.No.818,319.00,-535.00,397.00,0.00
FL.No.819,325.00,-535.00,395.00,0.00
FL.No.820,331.00,-535.00,393.00,0.00
FL.No.821,338.00,-535.00,391.00,0.00
FL.No.822,344.00,-535.00,388.00,0.00
FL.No.823,350.00,-535.00,385.00,0.00
FL.No.824,356.00,-535.00,380.00,0.00
FL.No.825,362.00,-535.00,375.00,0.00
FL.No.826,367.00,-535.00,369.00,0.00
FL.No.827,372.00,-536.00,362.00,0.00
FL.No.828,376.00,-536.00,353.00,0.00
FL.No.829,380.00,-536.00,345.00,0.00
FL.No.830,384.00,-536.00,335.00,0.00
FL.No.831,387.00,-536.00,325.00,0.00
FL.No.832,390.00,-536.00,313.00,0.00
FL.No.833,393.00,-535.00,301.00,0.00
FL.No.834,395.00,-535.00,289.00,0.00
FL.No.835,397.00,-534.00,277.00,0.00
FL.No.836,399.00,-532.00,266.00,0.00
FL.No.837,400.00,-531.00,256.00,0.00
FL.No.838,401.00,-529.00,247.00,0.00
FL.No.839,401.00,-528.00,238.00,0.00
FL.No.840,400.00,-526.00,230.00,0.00
FL.No.841,399.00,-525.00,221.00,0.00
FL.No.842,398.00,-523.00,214.00,0.00
FL.No.843,396.00,-521.00,206.00,0.00
FL.No.844,393.00,-520.00,198.00,0.00
FL.No.845,390.00,-517.00,191.00,0.00
FL.No.846,387.00,-516.00,183.00,0.00
FL.No.847,382.00,-513.00,175.00,0.00
FL.No.848,377.00,-512.00,167.00,0.00
FL.No.849,372.00,-510.00,160.00,0.00
FL.No.850,365.00,-508.00,154.00,0.00
FL.No.851,359.00,-507.00,148.00,0.00
FL.No.852,351.00,-505.00,142.00,0.00
FL.No.853,344.00,-504.00,137.00,0.00
FL.No.854,336.00,-503.00,133.00,0.00
FL.No.855,328.00,-501.00,129.00,0.00
FL.No.856,320.00,-499.00,126.00,0.00
FL.No.857,313.00,-497.00,123.00,0.00
FL.No.858,305.00,-495.00,120.00,0.00
FL.No.859,299.00,-492.00,116.00,0.00
FL.No.860,292.00,-488.00,114.00,0.00
FL.No.861,286.00,-486.00,112.00,0.00
FL.No.862,281.00,-483.00,110.00,0.00
FL.No.863,275.00,-480.00,109.00,0.00
FL.No.864,269.00,-478.00,108.00,0.00
FL.No.865,263.00,-476.00,108.00,0.00
FL.No.866,257.00,-474.00,109.00,0.00
FL.No.867,251.00,-473.00,110.00,0.00
FL.No.868,244.00,-472.00,112.00,0.00
FL.No.869,238.00,-472.00,117.00,0.00
FL.No.870,232.00,-473.00,120.00,0.00
FL.No.871,226.00,-473.00,124.00,0.00
FL.No.872,221.00,-474.00,128.00,0.00
FL.No.873,216.00,-475.00,132.00,0.00
FL.No.874,211.00,-475.00,136.00,0.00
FL.No.875,206.00,-476.00,140.00,0.00
FL.No.876,202.00,-475.00,143.00,0.00
FL.No.877,198.00,-474.00,144.00,0.00
FL.No.878,194.00,-472.00,146.00,0.00
FL.No.879,191.00,-470.00,145.00,0.00
FL.No.880,187.00,-468.00,146.00,0.00
FL.No.881,185.00,-465.00,145.00,0.00
FL.No.882,182.00,-460.00,142.00,0.00
FL.No.883,181.00,-453.00,138.00,0.00
FL.No.884,180.00,-447.00,133.00,0.00
FL.No.885,179.00,-441.00,128.00,0.00
FL.No.886,179.00,-436.00,124.00,0.00
FL.No.887,179.00,-430.00,119.00,0.00
FL.No.888,181.00,-423.00,113.00,0.00
FL.No.889,183.00,-416.00,106.00,0.00
FL.No.890,185.00,-408.00,99.00,0.00
FL.No.891,188.00,-400.00,93.00,0.00
FL.No.892,190.00,-395.00,88.00,0.00
FL.No.893,192.00,-390.00,85.00,0.00
FL.No.894,195.00,-386.00,81.00,0.00
FL.No.895,197.00,-382.00,77.00,0.00
FL.No.896,200.00,-379.00,74.00,0.00
FL.No.897,202.00,-378.00,72.00,0.00
FL.No.898,203.00,-378.00,71.00,0.00
FL.No.899,204.00,-379.00,71.00,0.00
FL.No.900,205.00,-382.00,71.00,0.00
FL.No.901,205.00,-387.00,72.00,0.00
FL.No.902,206.00,-392.00,74.00,0.00
FL.No.903,207.00,-399.00,76.00,0.00
FL.No.904,208.00,-406.00,78.00,0.00
FL.No.905,210.00,-415.00,81.00,0.00
FL.No.906,212.00,-425.00,85.00,0.00
FL.No.907,215.00,-435.00,89.00,0.00
FL.No.908,218.00,-446.00,94.00,0.00
FL.No.909,222.00,-456.00,99.00,0.00
FL.No.910,226.00,-467.00,105.00,0.00
FL.No.911,231.00,-477.00,111.00,0.00
FL.No.912,235.00,-486.00,118.00,0.00
FL.No.913,238.00,-495.00,125.00,0.00
FL.No.914,241.00,-502.00,131.00,0.00
FL.No.915,243.00,-508.00,136.00,0.00
FL.No.916,244.00,-511.00,140.00,0.00
FL.No.917,244.00,-513.00,142.00,0.00
FL.No.918,245.00,-513.00,141.00,0.00
FL.No.919,246.00,-509.00,138.00,0.00
FL.No.920,247.00,-504.00,132.00,0.00
FL.No.921,249.00,-496.00,125.00,0.00
FL.No.922,251.00,-487.00,116.00,0.00
FL.No.923,254.00,-475.00,106.00,0.00
FL.No.924,259.00,-462.00,95.00,0.00
FL.No.925,265.00,-448.00,84.00,0.00
FL.No.926,272.00,-433.00,74.00,0.00
FL.No.927,280.00,-417.00,65.00,0.00
FL.No.928,289.00,-402.00,58.00,0.00
FL.No.929,299.00,-386.00,54.00,0.00
FL.No.930,309.00,-372.00,51.00,0.00
FL.No.931,321.00,-358.00,51.00,0.00
FL.No.932,333.00,-346.00,52.00,0.00
FL.No.933,345.00,-336.00,55.00,0.00
FL.No.934,358.00,-329.00,59.00,0.00
FL.No.935,371.00,-326.00,64.00,0.00
FL.No.936,384.00,-326.00,71.00,0.00
FL.No.937,396.00,-329.00,78.00,0.00
FL.No.938,407.00,-336.00,86.00,0.00
FL.No.939,417.00,-347.00,95.00,0.00
FL.No.940,425.00,-360.00,105.00,0.00
FL.No.941,431.00,-377.00,116.00,0.00
FL.No.942,435.00,-397.00,129.00,0.00
FL.No.943,436.00,-418.00,143.00,0.00
FL.No.944,434.00,-439.00,159.00,0.00
FL.No.945,429.00,-459.00,174.00,0.00
FL.No.946,420.00,-478.00,191.00,0.00
FL.No.947,408.00,-496.00,207.00,0.00
FL.No.948,394.00,-511.00,223.00,0.00
FL.No.949,378.00,-524.00,237.00,0.00
FL.No.950,361.00,-534.00,248.00,0.00
FL.No.951,343.00,-542.00,257.00,0.00
FL.No.952,325.00,-547.00,260.00,0.00
FL.No.953,307.00,-549.00,260.00,0.00
FL.No.954,290.00,-549.00,254.00,0.00
FL.No.955,275.00,-545.00,245.00,0.00
FL.No.956,262.00,-538.00,231.00,0.00
FL.No.957,251.00,-529.00,214.00,0.00
FL.No.958,242.00,-518.00,195.00,0.00
FL.No.959,234.00,-504.00,175.00,0.00
FL.No.960,229.00,-488.00,155.00,0.00
FL.No.961,225.00,-470.00,135.00,0.00
FL.No.962,222.00,-451.00,117.00,0.00
FL.No.963,221.00,-430.00,102.00,0.00
FL.No.964,221.00,-409.00,89.00,0.00
FL.No.965,222.00,-388.00,79.00,0.00
FL.No.966,224.00,-369.00,72.00,0.00
FL.No.967,227.00,-351.00,66.00,0.00
FL.No.968,233.00,-335.00,62.00,0.00
FL.No.969,240.00,-320.00,59.00,0.00
FL.No.970,249.00,-309.00,57.00,0.00
FL.No.971,259.00,-301.00,56.00,0.00
FL.No.972,270.00,-297.00,54.00,0.00
FL.No.973,283.00,-297.00,53.00,0.00
FL.No.974,298.00,-300.00,52.00,0.00
FL.No.975,313.00,-307.00,51.00,0.00
FL.No.976,328.00,-316.00,52.00,0.00
FL.No.977,343.00,-327.00,53.00,0.00
FL.No.978,357.00,-341.00,57.00,0.00
FL.No.979,371.00,-356.00,61.00,0.00
FL.No.980,383.00,-372.00,68.00,0.00
FL.No.981,393.00,-388.00,76.00,0.00
FL.No.982,402.00,-403.00,85.00,0.00
FL.No.983,409.00,-417.00,94.00,0.00
FL.No.984,415.00,-429.00,103.00,0.00
FL.No.985,419.00,-440.00,112.00,0.00
FL.No.986,421.00,-449.00,120.00,0.00
FL.No.987,423.00,-457.00,128.00,0.00
FL.No.988,424.00,-462.00,134.00,0.00
FL.No.989,424.00,-466.00,138.00,0.00
FL.No.990,423.00,-468.00,140.00,0.00
FL.No.991,422.00,-469.00,141.00,0.00
FL.No.992,420.00,-468.00,141.00,0.00
FL.No.993,418.00,-467.00,140.00,0.00
FL.No.994,416.00,-466.00,137.00,0.00
FL.No.995,414.00,-464.00,135.00,0.00
FL.No.996,411.00,-462.00,132.00,0.00
FL.No.997,408.00,-461.00,129.00,0.00
FL.No.998,404.00,-460.00,126.00,0.00
FL.No.999,400.00,-460.00,123.00,0.00
FL.No.1000,395.00,-460.00,121.00,0.00
FL.No.1001,391.00,-461.00,119.00,0.00
FL.No.1002,386.00,-463.00,118.00,0.00
FL.No.1003,382.00,-467.00,118.00,0.00
FL.No.1004,377.00,-470.00,119.00,0.00
FL.No.1005,374.00,-475.00,122.00,0.00
FL.No.1006,370.00,-481.00,127.00,0.00
FL.No.1007,367.00,-486.00,132.00,0.00
FL.No.1008,364.00,-493.00,138.00,0.00
FL.No.1009,360.00,-500.00,145.00,0.00
FL.No.1010,357.00,-507.00,154.00,0.00
FL.No.1011,354.00,-514.00,163.00,0.00
FL.No.1012,350.00,-521.00,172.00,0.00
FL.No.1013,345.00,-528.00,181.00,0.00
FL.No.1014,339.00,-534.00,188.00,0.00
FL.No.1015,333.00,-538.00,193.00,0.00
FL.No.1016,327.00,-542.00,194.00,0.00
FL.No.1017,321.00,-543.00,195.00,0.00
FL.No.1018,315.00,-543.00,193.00,0.00
FL.No.1019,310.00,-541.00,187.00,0.00
FL.No.1020,305.00,-537.00,178.00,0.00
FL.No.1021,300.00,-531.00,167.00,0.00
FL.No.1022,297.00,-523.00,154.00,0.00
FL.No.1023,294.00,-512.00,140.00,0.00
FL.No.1024,293.00,-498.00,125.00,0.00
FL.No.1025,292.00,-483.00,110.00,0.00
FL.No.1026,293.00,-466.00,95.00,0.00
FL.No.1027,293.00,-447.00,83.00,0.00
FL.No.1028,294.00,-427.00,72.00,0.00
FL.No.1029,295.00,-406.00,64.00,0.00
FL.No.1030,296.00,-385.00,57.00,0.00
FL.No.1031,298.00,-365.00,54.00,0.00
FL.No.1032,300.00,-346.00,52.00,0.00
FL.No.1033,302.00,-329.00,51.00,0.00
FL.No.1034,304.00,-314.00,53.00,0.00
FL.No.1035,306.00,-303.00,54.00,0.00
FL.No.1036,309.00,-293.00,56.00,0.00
FL.No.1037,313.00,-288.00,58.00,0.00
FL.No.1038,318.00,-285.00,60.00,0.00
FL.No.1039,325.00,-285.00,61.00,0.00
FL.No.1040,333.00,-288.00,62.00,0.00
FL.No.1041,341.00,-294.00,63.00,0.00
FL.No.1042,351.00,-303.00,65.00,0.00
FL.No.1043,362.00,-314.00,67.00,0.00
FL.No.1044,373.00,-327.00,70.00,0.00
FL.No.1045,385.00,-342.00,76.00,0.00
FL.No.1046,397.00,-358.00,84.00,0.00
FL.No.1047,408.00,-374.00,94.00,0.00
FL.No.1048,419.00,-390.00,106.00,0.00
FL.No.1049,428.00,-406.00,120.00,0.00
FL.No.1050,435.00,-421.00,135.00,0.00
FL.No.1051,442.00,-436.00,150.00,0.00
FL.No.1052,446.00,-449.00,164.00,0.00
FL.No.1053,448.00,-461.00,177.00,0.00
FL.No.1054,448.00,-470.00,188.00,0.00
FL.No.1055,447.00,-478.00,195.00,0.00
FL.No.1056,444.00,-484.00,199.00,0.00
FL.No.1057,440.00,-487.00,199.00,0.00
FL.No.1058,436.00,-489.00,196.00,0.00
FL.No.1059,431.00,-488.00,189.00,0.00
FL.No.1060,426.00,-486.00,181.00,0.00
FL.No.1061,421.00,-483.00,171.00,0.00
FL.No.1062,416.00,-479.00,160.00,0.00
FL.No.1063,411.00,-475.00,150.00,0.00
FL.No.1064,407.00,-470.00,141.00,0.00
FL.No.1065,403.00,-466.00,133.00,0.00
FL.No.1066,400.00,-463.00,127.00,0.00
FL.No.1067,397.00,-462.00,123.00,0.00
FL.No.1068,394.00,-462.00,122.00,0.00
FL.No.1069,392.00,-465.00,123.00,0.00
FL.No.1070,390.00,-469.00,127.00,0.00
FL.No.1071,387.00,-475.00,133.00,0.00
FL.No.1072,384.00,-483.00,141.00,0.00
FL.No.1073,380.00,-491.00,151.00,0.00
FL.No.1074,376.00,-500.00,161.00,0.00
FL.No.1075,370.00,-509.00,172.00,0.00
FL.No.1076,364.00,-517.00,182.00,0.00
FL.No.1077,357.00,-525.00,191.00,0.00
FL.No.1078,350.00,-531.00,197.00,0.00
FL.No.1079,342.00,-536.00,201.00,0.00
FL.No.1080,334.00,-539.00,201.00,0.00
FL.No.1081,327.00,-540.00,198.00,0.00
FL.No.1082,321.00,-539.00,192.00,0.00
FL.No.1083,316.00,-536.00,183.00,0.00
FL.No.1084,312.00,-532.00,172.00,0.00
FL.No.1085,311.00,-525.00,159.00,0.00
FL.No.1086,310.00,-517.00,144.00,0.00
FL.No.1087,311.00,-507.00,130.00,0.00
FL.No.1088,312.00,-495.00,116.00,0.00
FL.No.1089,315.00,-481.00,102.00,0.00
FL.No.1090,317.00,-466.00,90.00,0.00
FL.No.1091,319.00,-449.00,79.00,0.00
FL.No.1092,321.00,-432.00,69.00,0.00
FL.No.1093,323.00,-414.00,61.00,0.00
FL.No.1094,323.00,-395.00,56.00,0.00
FL.No.1095,324.00,-376.00,52.00,0.00
FL.No.1096,324.00,-357.00,51.00,0.00
FL.No.1097,325.00,-339.00,50.00,0.00
FL.No.1098,326.00,-322.00,52.00,0.00
FL.No.1099,328.00,-306.00,55.00,0.00
FL.No.1100,331.00,-292.00,59.00,0.00
FL.No.1101,335.00,-280.00,64.00,0.00
FL.No.1102,342.00,-270.00,69.00,0.00
FL.No.1103,349.00,-263.00,75.00,0.00
FL.No.1104,359.00,-259.00,81.00,0.00
FL.No.1105,369.00,-258.00,87.00,0.00
FL.No.1106,381.00,-260.00,93.00,0.00
FL.No.1107,394.00,-267.00,99.00,0.00
FL.No.1108,407.00,-277.00,106.00,0.00
FL.No.1109,420.00,-290.00,114.00,0.00
FL.No.1110,432.00,-306.00,122.00,0.00
FL.No.1111,443.00,-324.00,133.00,0.00
FL.No.1112,452.00,-344.00,144.00,0.00
FL.No.1113,459.00,-365.00,155.00,0.00
FL.No.1114,464.00,-385.00,167.00,0.00
FL.No.1115,467.00,-406.00,180.00,0.00
FL.No.1116,468.00,-425.00,192.00,0.00
FL.No.1117,466.00,-442.00,204.00,0.00
FL.No.1118,463.00,-457.00,215.00,0.00
FL.No.1119,458.00,-470.00,224.00,0.00
FL.No.1120,453.00,-481.00,230.00,0.00
FL.No.1121,446.00,-490.00,233.00,0.00
FL.No.1122,439.00,-497.00,234.00,0.00
FL.No.1123,432.00,-502.00,232.00,0.00
FL.No.1124,426.00,-506.00,228.00,0.00
FL.No.1125,419.00,-508.00,222.00,0.00
FL.No.1126,412.00,-509.00,214.00,0.00
FL.No.1127,405.00,-509.00,204.00,0.00
FL.No.1128,398.00,-507.00,192.00,0.00
FL.No.1129,390.00,-505.00,181.00,0.00
FL.No.1130,383.00,-501.00,168.00,0.00
FL.No.1131,375.00,-496.00,156.00,0.00
FL.No.1132,367.00,-491.00,144.00,0.00
FL.No.1133,359.00,-485.00,133.00,0.00
FL.No.1134,352.00,-480.00,123.00,0.00
FL.No.1135,344.00,-474.00,114.00,0.00
FL.No.1136,337.00,-469.00,107.00,0.00
FL.No.1137,331.00,-466.00,101.00,0.00
FL.No.1138,324.00,-464.00,98.00,0.00
FL.No.1139,318.00,-464.00,96.00,0.00
FL.No.1140,311.00,-466.00,97.00,0.00
FL.No.1141,305.00,-470.00,100.00,0.00
FL.No.1142,299.00,-475.00,105.00,0.00
FL.No.1143,293.00,-480.00,111.00,0.00
FL.No.1144,286.00,-486.00,118.00,0.00
FL.No.1145,278.00,-492.00,125.00,0.00
FL.No.1146,270.00,-497.00,131.00,0.00
FL.No.1147,262.00,-500.00,136.00,0.00
FL.No.1148,253.00,-501.00,139.00,0.00
FL.No.1149,244.00,-499.00,141.00,0.00
FL.No.1150,235.00,-493.00,140.00,0.00
FL.No.1151,225.00,-483.00,137.00,0.00
FL.No.1152,215.00,-470.00,134.00,0.00
FL.No.1153,205.00,-453.00,130.00,0.00
FL.No.1154,196.00,-434.00,125.00,0.00
FL.No.1155,189.00,-412.00,121.00,0.00
FL.No.1156,184.00,-389.00,117.00,0.00
FL.No.1157,180.00,-364.00,115.00,0.00
FL.No.1158,178.00,-339.00,114.00,0.00
FL.No.1159,178.00,-313.00,116.00,0.00
FL.No.1160,180.00,-289.00,120.00,0.00
FL.No.1161,185.00,-267.00,126.00,0.00
FL.No.1162,191.00,-247.00,133.00,0.00
FL.No.1163,198.00,-230.00,141.00,0.00
FL.No.1164,206.00,-215.00,150.00,0.00
FL.No.1165,213.00,-202.00,159.00,0.00
FL.No.1166,221.00,-191.00,168.00,0.00
FL.No.1167,229.00,-183.00,175.00,0.00
FL.No.1168,236.00,-177.00,181.00,0.00
FL.No.1169,242.00,-173.00,184.00,0.00
FL.No.1170,249.00,-172.00,184.00,0.00
FL.No.1171,256.00,-172.00,182.00,0.00
FL.No.1172,262.00,-174.00,176.00,0.00
FL.No.1173,269.00,-179.00,169.00,0.00
FL.No.1174,276.00,-185.00,158.00,0.00
FL.No.1175,283.00,-193.00,147.00,0.00
FL.No.1176,291.00,-203.00,134.00,0.00
FL.No.1177,301.00,-213.00,123.00,0.00
FL.No.1178,311.00,-224.00,112.00,0.00
FL.No.1179,324.00,-235.00,103.00,0.00
FL.No.1180,337.00,-246.00,97.00,0.00
FL.No.1181,351.00,-255.00,95.00,0.00
FL.No.1182,365.00,-262.00,96.00,0.00
FL.No.1183,380.00,-267.00,100.00,0.00
FL.No.1184,394.00,-271.00,107.00,0.00
FL.No.1185,408.00,-274.00,116.00,0.00
FL.No.1186,420.00,-275.00,127.00,0.00
FL.No.1187,431.00,-275.00,138.00,0.00
FL.No.1188,440.00,-275.00,148.00,0.00
FL.No.1189,446.00,-275.00,156.00,0.00
FL.No.1190,450.00,-275.00,161.00,0.00
FL.No.1191,452.00,-277.00,162.00,0.00
FL.No.1192,452.00,-280.00,160.00,0.00
FL.No.1193,448.00,-285.00,155.00,0.00
FL.No.1194,443.00,-291.00,146.00,0.00
FL.No.1195,435.00,-298.00,136.00,0.00
FL.No.1196,425.00,-308.00,124.00,0.00
FL.No.1197,412.00,-320.00,111.00,0.00
FL.No.1198,397.00,-334.00,100.00,0.00
FL.No.1199,380.00,-349.00,91.00,0.00
FL.No.1200,361.00,-366.00,86.00,0.00
FL.No.1201,341.00,-384.00,85.00,0.00
FL.No.1202,320.00,-402.00,89.00,0.00
FL.No.1203,302.00,-420.00,96.00,0.00
FL.No.1204,286.00,-437.00,107.00,0.00
FL.No.1205,274.00,-455.00,119.00,0.00
FL.No.1206,267.00,-471.00,132.00,0.00
FL.No.1207,264.00,-485.00,145.00,0.00
FL.No.1208,264.00,-497.00,157.00,0.00
FL.No.1209,269.00,-506.00,166.00,0.00
FL.No.1210,276.00,-511.00,170.00,0.00
FL.No.1211,287.00,-513.00,171.00,0.00
FL.No.1212,298.00,-513.00,167.00,0.00
FL.No.1213,310.00,-510.00,160.00,0.00
FL.No.1214,319.00,-505.00,150.00,0.00
FL.No.1215,325.00,-496.00,139.00,0.00
FL.No.1216,326.00,-485.00,126.00,0.00
FL.No.1217,322.00,-472.00,113.00,0.00
FL.No.1218,315.00,-457.00,101.00,0.00
FL.No.1219,304.00,-440.00,91.00,0.00
FL.No.1220,291.00,-421.00,85.00,0.00
FL.No.1221,275.00,-401.00,82.00,0.00
FL.No.1222,259.00,-379.00,83.00,0.00
FL.No.1223,243.00,-356.00,87.00,0.00
FL.No.1224,228.00,-332.00,96.00,0.00
FL.No.1225,214.00,-309.00,107.00,0.00
FL.No.1226,203.00,-287.00,121.00,0.00
FL.No.1227,194.00,-267.00,137.00,0.00
FL.No.1228,186.00,-251.00,151.00,0.00
FL.No.1229,178.00,-239.00,165.00,0.00
FL.No.1230,171.00,-232.00,177.00,0.00
FL.No.1231,164.00,-232.00,185.00,0.00
FL.No.1232,158.00,-238.00,189.00,0.00
FL.No.1233,154.00,-249.00,189.00,0.00
FL.No.1234,152.00,-265.00,184.00,0.00
FL.No.1235,152.00,-282.00,174.00,0.00
FL.No.1236,156.00,-301.00,160.00,0.00
FL.No.1237,165.00,-318.00,143.00,0.00
FL.No.1238,180.00,-333.00,125.00,0.00
FL.No.1239,199.00,-345.00,108.00,0.00
FL.No.1240,223.00,-354.00,93.00,0.00
FL.No.1241,250.00,-358.00,80.00,0.00
FL.No.1242,279.00,-357.00,72.00,0.00
FL.No.1243,308.00,-354.00,66.00,0.00
FL.No.1244,336.00,-349.00,64.00,0.00
FL.No.1245,361.00,-343.00,65.00,0.00
FL.No.1246,383.00,-338.00,69.00,0.00
FL.No.1247,400.00,-333.00,75.00,0.00
FL.No.1248,412.00,-331.00,80.00,0.00
FL.No.1249,418.00,-330.00,83.00,0.00
FL.No.1250,418.00,-331.00,84.00,0.00
FL.No.1251,413.00,-333.00,83.00,0.00
FL.No.1252,403.00,-335.00,80.00,0.00
FL.No.1253,391.00,-337.00,76.00,0.00
FL.No.1254,375.00,-339.00,72.00,0.00
FL.No.1255,358.00,-341.00,68.00,0.00
FL.No.1256,339.00,-342.00,64.00,0.00
FL.No.1257,318.00,-342.00,61.00,0.00
FL.No.1258,296.00,-344.00,60.00,0.00
FL.No.1259,276.00,-346.00,63.00,0.00
FL.No.1260,259.00,-349.00,68.00,0.00
FL.No.1261,244.00,-355.00,74.00,0.00
FL.No.1262,232.00,-363.00,80.00,0.00
FL.No.1263,226.00,-373.00,85.00,0.00
FL.No.1264,227.00,-384.00,88.00,0.00
FL.No.1265,234.00,-395.00,91.00,0.00
FL.No.1266,246.00,-405.00,94.00,0.00
FL.No.1267,264.00,-414.00,99.00,0.00
FL.No.1268,286.00,-423.00,105.00,0.00
FL.No.1269,311.00,-431.00,111.00,0.00
FL.No.1270,337.00,-438.00,118.00,0.00
FL.No.1271,363.00,-444.00,127.00,0.00
FL.No.1272,387.00,-449.00,136.00,0.00
FL.No.1273,408.00,-453.00,147.00,0.00
FL.No.1274,422.00,-458.00,159.00,0.00
FL.No.1275,432.00,-463.00,169.00,0.00
FL.No.1276,435.00,-470.00,178.00,0.00
FL.No.1277,432.00,-477.00,182.00,0.00
FL.No.1278,424.00,-483.00,183.00,0.00
FL.No.1279,413.00,-489.00,180.00,0.00
FL.No.1280,397.00,-492.00,173.00,0.00
FL.No.1281,379.00,-492.00,164.00,0.00
FL.No.1282,359.00,-490.00,153.00,0.00
FL.No.1283,338.00,-485.00,142.00,0.00
FL.No.1284,316.00,-478.00,132.00,0.00
FL.No.1285,294.00,-469.00,124.00,0.00
FL.No.1286,271.00,-458.00,119.00,0.00
FL.No.1287,248.00,-447.00,118.00,0.00
FL.No.1288,226.00,-435.00,120.00,0.00
FL.No.1289,206.00,-424.00,126.00,0.00
FL.No.1290,189.00,-415.00,135.00,0.00
FL.No.1291,174.00,-409.00,148.00,0.00
FL.No.1292,162.00,-405.00,159.00,0.00
FL.No.1293,152.00,-404.00,170.00,0.00
FL.No.1294,145.00,-405.00,180.00,0.00
FL.No.1295,141.00,-409.00,187.00,0.00
FL.No.1296,140.00,-415.00,191.00,0.00
FL.No.1297,144.00,-421.00,190.00,0.00
FL.No.1298,150.00,-428.00,185.00,0.00
FL.No.1299,160.00,-434.00,177.00,0.00
FL.No.1300,171.00,-439.00,166.00,0.00
FL.No.1301,185.00,-442.00,150.00,0.00
FL.No.1302,200.00,-442.00,135.00,0.00
FL.No.1303,218.00,-440.00,119.00,0.00
FL.No.1304,235.00,-436.00,104.00,0.00
FL.No.1305,252.00,-429.00,90.00,0.00
FL.No.1306,267.00,-419.00,78.00,0.00
FL.No.1307,281.00,-409.00,68.00,0.00
FL.No.1308,293.00,-396.00,60.00,0.00
FL.No.1309,303.00,-383.00,54.00,0.00
FL.No.1310,312.00,-369.00,50.00,0.00
FL.No.1311,318.00,-354.00,48.00,0.00
FL.No.1312,322.00,-340.00,48.00,0.00
FL.No.1313,322.00,-326.00,50.00,0.00
FL.No.1314,320.00,-312.00,52.00,0.00
FL.No.1315,317.00,-300.00,55.00,0.00
FL.No.1316,312.00,-288.00,59.00,0.00
FL.No.1317,306.00,-277.00,64.00,0.00
FL.No.1318,301.00,-267.00,70.00,0.00
FL.No.1319,295.00,-259.00,74.00,0.00
FL.No.1320,289.00,-252.00,79.00,0.00
FL.No.1321,283.00,-246.00,83.00,0.00
FL.No.1322,276.00,-242.00,87.00,0.00
FL.No.1323,270.00,-240.00,89.00,0.00
FL.No.1324,265.00,-238.00,91.00,0.00
FL.No.1325,262.00,-238.00,92.00,0.00
FL.No.1326,262.00,-239.00,91.00,0.00
FL.No.1327,264.00,-241.00,89.00,0.00
FL.No.1328,267.00,-243.00,86.00,0.00
FL.No.1329,272.00,-246.00,84.00,0.00
FL.No.1330,277.00,-248.00,81.00,0.00
FL.No.1331,284.00,-250.00,79.00,0.00
FL.No.1332,292.00,-252.00,77.00,0.00
FL.No.1333,301.00,-254.00,75.00,0.00
FL.No.1334,310.00,-255.00,73.00,0.00
FL.No.1335,320.00,-255.00,73.00,0.00
FL.No.1336,327.00,-256.00,73.00,0.00
FL.No.1337,334.00,-256.00,73.00,0.00
FL.No.1338,339.00,-256.00,73.00,0.00
FL.No.1339,341.00,-257.00,74.00,0.00
FL.No.1340,343.00,-257.00,74.00,0.00
FL.No.1341,344.00,-257.00,74.00,0.00
FL.No.1342,343.00,-258.00,74.00,0.00
FL.No.1343,341.00,-258.00,74.00,0.00
FL.No.1344,339.00,-259.00,73.00,0.00
FL.No.1345,336.00,-260.00,72.00,0.00
FL.No.1346,333.00,-261.00,71.00,0.00
FL.No.1347,330.00,-262.00,70.00,0.00
FL.No.1348,329.00,-264.00,69.00,0.00
FL.No.1349,330.00,-267.00,68.00,0.00
FL.No.1350,332.00,-269.00,67.00,0.00
FL.No.1351,335.00,-272.00,67.00,0.00
FL.No.1352,340.00,-274.00,67.00,0.00
FL.No.1353,346.00,-277.00,67.00,0.00
FL.No.1354,353.00,-280.00,68.00,0.00
FL.No.1355,361.00,-283.00,70.00,0.00
FL.No.1356,371.00,-286.00,73.00,0.00
FL.No.1357,382.00,-289.00,77.00,0.00
FL.No.1358,392.00,-292.00,81.00,0.00
FL.No.1359,400.00,-296.00,84.00,0.00
FL.No.1360,408.00,-300.00,87.00,0.00
FL.No.1361,415.00,-304.00,91.00,0.00
FL.No.1362,421.00,-308.00,94.00,0.00
FL.No.1363,428.00,-312.00,98.00,0.00
FL.No.1364,433.00,-315.00,101.00,0.00
FL.No.1365,438.00,-318.00,104.00,0.00
FL.No.1366,440.00,-320.00,106.00,0.00
FL.No.1367,442.00,-321.00,107.00,0.00
FL.No.1368,442.00,-320.00,109.00,0.00
FL.No.1369,442.00,-316.00,110.00,0.00
FL.No.1370,439.00,-310.00,110.00,0.00
FL.No.1371,432.00,-303.00,109.00,0.00
FL.No.1372,422.00,-297.00,106.00,0.00
FL.No.1373,409.00,-291.00,102.00,0.00
FL.No.1374,397.00,-285.00,98.00,0.00
FL.No.1375,384.00,-279.00,94.00,0.00
FL.No.1376,370.00,-274.00,89.00,0.00
FL.No.1377,357.00,-269.00,84.00,0.00
FL.No.1378,344.00,-266.00,79.00,0.00
FL.No.1379,332.00,-264.00,75.00,0.00
FL.No.1380,323.00,-264.00,73.00,0.00
FL.No.1381,317.00,-265.00,71.00,0.00
FL.No.1382,313.00,-266.00,71.00,0.00
FL.No.1383,311.00,-268.00,71.00,0.00
FL.No.1384,309.00,-269.00,70.00,0.00
FL.No.1385,306.00,-270.00,69.00,0.00
FL.No.1386,304.00,-272.00,68.00,0.00
FL.No.1387,302.00,-273.00,67.00,0.00