RT.No0	-88.000000	1.000000	-191.000000	0.000000
RT.No1	-88.000000	1.000000	-191.000000	0.000000
RT.No2	-88.000000	1.000000	-191.000000	0.000000
RT.No3	-88.000000	1.000000	-192.000000	0.000000
RT.No4	-88.000000	1.000000	-192.000000	0.000000
RT.No5	-88.000000	0.000000	-192.000000	0.000000
RT.No6	-88.000000	0.000000	-192.000000	0.000000
RT.No7	-88.000000	0.000000	-192.000000	0.000000
RT.No8	-88.000000	0.000000	-192.000000	0.000000
RT.No9	-88.000000	0.000000	-192.000000	0.000000
RT.No10	-88.000000	0.000000	-192.000000	0.000000
RT.No11	-88.000000	1.000000	-192.000000	0.000000
RT.No12	-89.000000	0.000000	-192.000000	0.000000
RT.No13	-89.000000	1.000000	-192.000000	0.000000
RT.No14	-88.000000	0.000000	-192.000000	0.000000
RT.No15	-88.000000	1.000000	-192.000000	0.000000
RT.No16	-88.000000	1.000000	-192.000000	0.000000
RT.No17	-88.000000	1.000000	-192.000000	0.000000
RT.No18	-88.000000	0.000000	-192.000000	0.000000
RT.No19	-88.000000	0.000000	-192.000000	0.000000
RT.No20	-88.000000	0.000000	-192.000000	0.000000
RT.No21	-88.000000	0.000000	-192.000000	0.000000
RT.No22	-88.000000	0.000000	-192.000000	0.000000
RT.No23	-88.000000	0.000000	-192.000000	0.000000
RT.No24	-89.000000	0.000000	-192.000000	0.000000
RT.No25	-89.000000	0.000000	-192.000000	0.000000
RT.No26	-88.000000	0.000000	-192.000000	0.000000
RT.No27	-88.000000	0.000000	-192.000000	0.000000
RT.No28	-89.000000	1.000000	-192.000000	0.000000
RT.No29	-89.000000	1.000000	-192.000000	0.000000
RT.No30	-89.000000	1.000000	-192.000000	0.000000
RT.No31	-89.000000	1.000000	-193.000000	0.000000
RT.No32	-89.000000	1.000000	-192.000000	0.000000
RT.No33	-89.000000	1.000000	-192.000000	0.000000
RT.No34	-89.000000	1.000000	-192.000000	0.000000
RT.No35	-89.000000	1.000000	-192.000000	0.000000
RT.No36	-89.000000	1.000000	-192.000000	0.000000
RT.No37	-89.000000	1.000000	-192.000000	0.000000
RT.No38	-88.000000	1.000000	-192.000000	0.000000
RT.No39	-88.000000	1.000000	-192.000000	0.000000
RT.No40	-88.000000	1.000000	-192.000000	0.000000
RT.No41	-88.000000	1.000000	-192.000000	0.000000
RT.No42	-88.000000	1.000000	-192.000000	0.000000
RT.No43	-88.000000	2.000000	-192.000000	0.000000
RT.No44	-88.000000	2.000000	-192.000000	0.000000
RT.No45	-88.000000	2.000000	-192.000000	0.000000
RT.No46	-88.000000	2.000000	-192.000000	0.000000
RT.No47	-88.000000	2.000000	-192.000000	0.000000
RT.No48	-88.000000	2.000000	-192.000000	0.000000
RT.No49	-88.000000	3.000000	-192.000000	0.000000
RT.No50	-88.000000	3.000000	-192.000000	0.000000
RT.No51	-88.000000	3.000000	-192.000000	0.000000
RT.No52	-88.000000	3.000000	-192.000000	0.000000
RT.No53	-88.000000	3.000000	-192.000000	0.000000
RT.No54	-88.000000	3.000000	-192.000000	0.000000
RT.No55	-88.000000	3.000000	-192.000000	0.000000
RT.No56	-89.000000	3.000000	-192.000000	0.000000
RT.No57	-89.000000	3.000000	-192.000000	0.000000
RT.No58	-89.000000	2.000000	-192.000000	0.000000
RT.No59	-89.000000	2.000000	-192.000000	0.000000
RT.No60	-89.000000	2.000000	-192.000000	0.000000
RT.No61	-89.000000	2.000000	-192.000000	0.000000
RT.No62	-89.000000	2.000000	-192.000000	0.000000
RT.No63	-89.000000	2.000000	-191.000000	0.000000
RT.No64	-89.000000	2.000000	-191.000000	0.000000
RT.No65	-89.000000	2.000000	-191.000000	0.000000
RT.No66	-89.000000	2.000000	-191.000000	0.000000
RT.No67	-89.000000	2.000000	-191.000000	0.000000
RT.No68	-89.000000	3.000000	-191.000000	0.000000
RT.No69	-89.000000	3.000000	-191.000000	0.000000
RT.No70	-89.000000	3.000000	-191.000000	0.000000
RT.No71	-89.000000	2.000000	-191.000000	0.000000
RT.No72	-89.000000	2.000000	-191.000000	0.000000
RT.No73	-89.000000	2.000000	-191.000000	0.000000
RT.No74	-89.000000	2.000000	-191.000000	0.000000
RT.No75	-90.000000	2.000000	-191.000000	0.000000
RT.No76	-90.000000	2.000000	-191.000000	0.000000
RT.No77	-90.000000	2.000000	-191.000000	0.000000
RT.No78	-90.000000	2.000000	-191.000000	0.000000
RT.No79	-90.000000	2.000000	-191.000000	0.000000
RT.No80	-90.000000	2.000000	-191.000000	0.000000
RT.No81	-90.000000	2.000000	-191.000000	0.000000
RT.No82	-90.000000	2.000000	-191.000000	0.000000
RT.No83	-90.000000	2.000000	-191.000000	0.000000
RT.No84	-90.000000	2.000000	-191.000000	0.000000
RT.No85	-90.000000	2.000000	-191.000000	0.000000
RT.No86	-90.000000	2.000000	-191.000000	0.000000
RT.No87	-90.000000	2.000000	-191.000000	0.000000
RT.No88	-90.000000	2.000000	-191.000000	0.000000
RT.No89	-91.000000	2.000000	-191.000000	0.000000
RT.No90	-91.000000	2.000000	-191.000000	0.000000
RT.No91	-91.000000	2.000000	-191.000000	0.000000
RT.No92	-91.000000	2.000000	-191.000000	0.000000
RT.No93	-92.000000	2.000000	-190.000000	0.000000
RT.No94	-93.000000	2.000000	-190.000000	0.000000
RT.No95	-93.000000	2.000000	-190.000000	0.000000
RT.No96	-93.000000	2.000000	-190.000000	0.000000
RT.No97	-93.000000	2.000000	-190.000000	0.000000
RT.No98	-93.000000	2.000000	-190.000000	0.000000
RT.No99	-93.000000	2.000000	-189.000000	0.000000
RT.No100	-93.000000	2.000000	-189.000000	0.000000
RT.No101	-93.000000	2.000000	-189.000000	0.000000
RT.No102	-93.000000	2.000000	-189.000000	0.000000
RT.No103	-92.000000	2.000000	-189.000000	0.000000
RT.No104	-91.000000	2.000000	-190.000000	0.000000
RT.No105	-91.000000	2.000000	-190.000000	0.000000
RT.No106	-91.000000	1.000000	-190.000000	0.000000
RT.No107	-91.000000	1.000000	-190.000000	0.000000
RT.No108	-91.000000	1.000000	-190.000000	0.000000
RT.No109	-91.000000	1.000000	-191.000000	0.000000
RT.No110	-90.000000	2.000000	-191.000000	0.000000
RT.No111	-89.000000	2.000000	-192.000000	0.000000
RT.No112	-87.000000	3.000000	-192.000000	0.000000
RT.No113	-85.000000	4.000000	-193.000000	0.000000
RT.No114	-82.000000	5.000000	-194.000000	0.000000
RT.No115	-80.000000	5.000000	-194.000000	0.000000
RT.No116	-79.000000	6.000000	-195.000000	0.000000
RT.No117	-78.000000	7.000000	-195.000000	0.000000
RT.No118	-75.000000	8.000000	-196.000000	0.000000
RT.No119	-73.000000	9.000000	-197.000000	0.000000
RT.No120	-71.000000	10.000000	-197.000000	0.000000
RT.No121	-70.000000	10.000000	-197.000000	0.000000
RT.No122	-71.000000	10.000000	-197.000000	0.000000
RT.No123	-71.000000	10.000000	-197.000000	0.000000
RT.No124	-72.000000	9.000000	-197.000000	0.000000
RT.No125	-73.000000	9.000000	-197.000000	0.000000
RT.No126	-74.000000	8.000000	-197.000000	0.000000
RT.No127	-74.000000	9.000000	-197.000000	0.000000
RT.No128	-74.000000	8.000000	-196.000000	0.000000
RT.No129	-75.000000	8.000000	-196.000000	0.000000
RT.No130	-76.000000	7.000000	-196.000000	0.000000
RT.No131	-78.000000	7.000000	-195.000000	0.000000
RT.No132	-80.000000	6.000000	-195.000000	0.000000
RT.No133	-82.000000	4.000000	-194.000000	0.000000
RT.No134	-84.000000	2.000000	-194.000000	0.000000
RT.No135	-85.000000	1.000000	-194.000000	0.000000
RT.No136	-85.000000	0.000000	-194.000000	0.000000
RT.No137	-86.000000	0.000000	-195.000000	0.000000
RT.No138	-86.000000	0.000000	-195.000000	0.000000
RT.No139	-86.000000	0.000000	-195.000000	0.000000
RT.No140	-85.000000	0.000000	-196.000000	0.000000
RT.No141	-82.000000	2.000000	-197.000000	0.000000
RT.No142	-79.000000	3.000000	-198.000000	0.000000
RT.No143	-74.000000	6.000000	-199.000000	0.000000
RT.No144	-68.000000	9.000000	-201.000000	0.000000
RT.No145	-61.000000	13.000000	-202.000000	0.000000
RT.No146	-52.000000	16.000000	-204.000000	0.000000
RT.No147	-42.000000	19.000000	-205.000000	0.000000
RT.No148	-32.000000	22.000000	-207.000000	0.000000
RT.No149	-22.000000	25.000000	-208.000000	0.000000
RT.No150	-11.000000	26.000000	-210.000000	0.000000
RT.No151	0.000000	28.000000	-211.000000	0.000000
RT.No152	10.000000	29.000000	-212.000000	0.000000
RT.No153	20.000000	30.000000	-213.000000	0.000000
RT.No154	30.000000	30.000000	-214.000000	0.000000
RT.No155	39.000000	30.000000	-214.000000	0.000000
RT.No156	47.000000	29.000000	-215.000000	0.000000
RT.No157	55.000000	27.000000	-215.000000	0.000000
RT.No158	61.000000	25.000000	-216.000000	0.000000
RT.No159	68.000000	21.000000	-217.000000	0.000000
RT.No160	75.000000	17.000000	-217.000000	0.000000
RT.No161	83.000000	13.000000	-217.000000	0.000000
RT.No162	90.000000	8.000000	-218.000000	0.000000
RT.No163	98.000000	2.000000	-218.000000	0.000000
RT.No164	105.000000	-5.000000	-219.000000	0.000000
RT.No165	110.000000	-15.000000	-220.000000	0.000000
RT.No166	116.000000	-26.000000	-220.000000	0.000000
RT.No167	122.000000	-38.000000	-221.000000	0.000000
RT.No168	128.000000	-51.000000	-221.000000	0.000000
RT.No169	134.000000	-63.000000	-219.000000	0.000000
RT.No170	138.000000	-74.000000	-218.000000	0.000000
RT.No171	143.000000	-86.000000	-217.000000	0.000000
RT.No172	146.000000	-98.000000	-216.000000	0.000000
RT.No173	149.000000	-111.000000	-214.000000	0.000000
RT.No174	151.000000	-125.000000	-211.000000	0.000000
RT.No175	154.000000	-137.000000	-208.000000	0.000000
RT.No176	154.000000	-148.000000	-205.000000	0.000000
RT.No177	153.000000	-160.000000	-202.000000	0.000000
RT.No178	150.000000	-171.000000	-199.000000	0.000000
RT.No179	145.000000	-184.000000	-197.000000	0.000000
RT.No180	140.000000	-197.000000	-194.000000	0.000000
RT.No181	133.000000	-210.000000	-191.000000	0.000000
RT.No182	125.000000	-223.000000	-188.000000	0.000000
RT.No183	117.000000	-234.000000	-186.000000	0.000000
RT.No184	107.000000	-244.000000	-183.000000	0.000000
RT.No185	97.000000	-252.000000	-181.000000	0.000000
RT.No186	87.000000	-260.000000	-179.000000	0.000000
RT.No187	78.000000	-266.000000	-177.000000	0.000000
RT.No188	69.000000	-270.000000	-176.000000	0.000000
RT.No189	60.000000	-273.000000	-175.000000	0.000000
RT.No190	52.000000	-275.000000	-175.000000	0.000000
RT.No191	44.000000	-276.000000	-174.000000	0.000000
RT.No192	38.000000	-277.000000	-174.000000	0.000000
RT.No193	34.000000	-277.000000	-175.000000	0.000000
RT.No194	32.000000	-276.000000	-175.000000	0.000000
RT.No195	32.000000	-274.000000	-176.000000	0.000000
RT.No196	34.000000	-273.000000	-177.000000	0.000000
RT.No197	38.000000	-270.000000	-179.000000	0.000000
RT.No198	44.000000	-266.000000	-181.000000	0.000000
RT.No199	51.000000	-262.000000	-183.000000	0.000000
RT.No200	60.000000	-255.000000	-186.000000	0.000000
RT.No201	69.000000	-246.000000	-189.000000	0.000000
RT.No202	79.000000	-235.000000	-193.000000	0.000000
RT.No203	89.000000	-222.000000	-197.000000	0.000000
RT.No204	98.000000	-205.000000	-201.000000	0.000000
RT.No205	106.000000	-187.000000	-205.000000	0.000000
RT.No206	111.000000	-166.000000	-209.000000	0.000000
RT.No207	113.000000	-144.000000	-213.000000	0.000000
RT.No208	112.000000	-120.000000	-216.000000	0.000000
RT.No209	109.000000	-97.000000	-218.000000	0.000000
RT.No210	102.000000	-74.000000	-220.000000	0.000000
RT.No211	93.000000	-52.000000	-221.000000	0.000000
RT.No212	80.000000	-33.000000	-222.000000	0.000000
RT.No213	66.000000	-17.000000	-222.000000	0.000000
RT.No214	49.000000	-5.000000	-221.000000	0.000000
RT.No215	31.000000	2.000000	-220.000000	0.000000
RT.No216	12.000000	7.000000	-219.000000	0.000000
RT.No217	-5.000000	7.000000	-217.000000	0.000000
RT.No218	-22.000000	4.000000	-216.000000	0.000000
RT.No219	-37.000000	-3.000000	-214.000000	0.000000
RT.No220	-51.000000	-12.000000	-212.000000	0.000000
RT.No221	-65.000000	-25.000000	-210.000000	0.000000
RT.No222	-76.000000	-39.000000	-208.000000	0.000000
RT.No223	-87.000000	-55.000000	-206.000000	0.000000
RT.No224	-94.000000	-72.000000	-204.000000	0.000000
RT.No225	-100.000000	-91.000000	-201.000000	0.000000
RT.No226	-104.000000	-110.000000	-199.000000	0.000000
RT.No227	-105.000000	-129.000000	-196.000000	0.000000
RT.No228	-104.000000	-148.000000	-193.000000	0.000000
RT.No229	-101.000000	-166.000000	-191.000000	0.000000
RT.No230	-96.000000	-183.000000	-189.000000	0.000000
RT.No231	-87.000000	-198.000000	-187.000000	0.000000
RT.No232	-76.000000	-211.000000	-187.000000	0.000000
RT.No233	-63.000000	-221.000000	-187.000000	0.000000
RT.No234	-49.000000	-228.000000	-188.000000	0.000000
RT.No235	-34.000000	-230.000000	-190.000000	0.000000
RT.No236	-17.000000	-230.000000	-193.000000	0.000000
RT.No237	-1.000000	-226.000000	-197.000000	0.000000
RT.No238	14.000000	-220.000000	-201.000000	0.000000
RT.No239	29.000000	-210.000000	-204.000000	0.000000
RT.No240	43.000000	-198.000000	-208.000000	0.000000
RT.No241	54.000000	-183.000000	-212.000000	0.000000
RT.No242	64.000000	-167.000000	-215.000000	0.000000
RT.No243	71.000000	-150.000000	-218.000000	0.000000
RT.No244	77.000000	-133.000000	-220.000000	0.000000
RT.No245	82.000000	-116.000000	-221.000000	0.000000
RT.No246	84.000000	-100.000000	-221.000000	0.000000
RT.No247	84.000000	-85.000000	-222.000000	0.000000
RT.No248	84.000000	-71.000000	-221.000000	0.000000
RT.No249	83.000000	-59.000000	-221.000000	0.000000
RT.No250	84.000000	-52.000000	-221.000000	0.000000
RT.No251	86.000000	-49.000000	-220.000000	0.000000
RT.No252	89.000000	-50.000000	-219.000000	0.000000
RT.No253	93.000000	-55.000000	-218.000000	0.000000
RT.No254	96.000000	-64.000000	-217.000000	0.000000
RT.No255	99.000000	-76.000000	-216.000000	0.000000
RT.No256	102.000000	-93.000000	-214.000000	0.000000
RT.No257	104.000000	-112.000000	-211.000000	0.000000
RT.No258	104.000000	-134.000000	-209.000000	0.000000
RT.No259	100.000000	-158.000000	-205.000000	0.000000
RT.No260	92.000000	-179.000000	-202.000000	0.000000
RT.No261	80.000000	-199.000000	-198.000000	0.000000
RT.No262	64.000000	-214.000000	-195.000000	0.000000
RT.No263	46.000000	-226.000000	-192.000000	0.000000
RT.No264	26.000000	-234.000000	-190.000000	0.000000
RT.No265	6.000000	-238.000000	-188.000000	0.000000
RT.No266	-12.000000	-237.000000	-188.000000	0.000000
RT.No267	-30.000000	-233.000000	-188.000000	0.000000
RT.No268	-45.000000	-226.000000	-190.000000	0.000000
RT.No269	-58.000000	-216.000000	-192.000000	0.000000
RT.No270	-66.000000	-203.000000	-196.000000	0.000000
RT.No271	-71.000000	-189.000000	-200.000000	0.000000
RT.No272	-70.000000	-174.000000	-205.000000	0.000000
RT.No273	-65.000000	-159.000000	-210.000000	0.000000
RT.No274	-58.000000	-143.000000	-215.000000	0.000000
RT.No275	-48.000000	-128.000000	-219.000000	0.000000
RT.No276	-36.000000	-113.000000	-223.000000	0.000000
RT.No277	-23.000000	-97.000000	-226.000000	0.000000
RT.No278	-10.000000	-83.000000	-229.000000	0.000000
RT.No279	4.000000	-69.000000	-231.000000	0.000000
RT.No280	19.000000	-58.000000	-232.000000	0.000000
RT.No281	34.000000	-50.000000	-232.000000	0.000000
RT.No282	47.000000	-44.000000	-231.000000	0.000000
RT.No283	60.000000	-41.000000	-229.000000	0.000000
RT.No284	73.000000	-41.000000	-227.000000	0.000000
RT.No285	84.000000	-43.000000	-225.000000	0.000000
RT.No286	95.000000	-48.000000	-223.000000	0.000000
RT.No287	105.000000	-55.000000	-222.000000	0.000000
RT.No288	114.000000	-63.000000	-219.000000	0.000000
RT.No289	122.000000	-72.000000	-218.000000	0.000000
RT.No290	129.000000	-82.000000	-216.000000	0.000000
RT.No291	135.000000	-92.000000	-214.000000	0.000000
RT.No292	139.000000	-101.000000	-213.000000	0.000000
RT.No293	142.000000	-110.000000	-211.000000	0.000000
RT.No294	144.000000	-119.000000	-209.000000	0.000000
RT.No295	144.000000	-129.000000	-208.000000	0.000000
RT.No296	144.000000	-139.000000	-206.000000	0.000000
RT.No297	143.000000	-150.000000	-205.000000	0.000000
RT.No298	141.000000	-160.000000	-204.000000	0.000000
RT.No299	139.000000	-170.000000	-202.000000	0.000000
RT.No300	136.000000	-180.000000	-201.000000	0.000000
RT.No301	132.000000	-190.000000	-199.000000	0.000000
RT.No302	129.000000	-199.000000	-197.000000	0.000000
RT.No303	125.000000	-208.000000	-195.000000	0.000000
RT.No304	122.000000	-214.000000	-194.000000	0.000000
RT.No305	119.000000	-219.000000	-193.000000	0.000000
RT.No306	117.000000	-223.000000	-193.000000	0.000000
RT.No307	115.000000	-224.000000	-193.000000	0.000000
RT.No308	114.000000	-224.000000	-193.000000	0.000000
RT.No309	114.000000	-223.000000	-194.000000	0.000000
RT.No310	115.000000	-218.000000	-196.000000	0.000000
RT.No311	116.000000	-211.000000	-198.000000	0.000000
RT.No312	118.000000	-202.000000	-201.000000	0.000000
RT.No313	119.000000	-191.000000	-204.000000	0.000000
RT.No314	120.000000	-178.000000	-207.000000	0.000000
RT.No315	120.000000	-162.000000	-210.000000	0.000000
RT.No316	120.000000	-145.000000	-213.000000	0.000000
RT.No317	118.000000	-125.000000	-216.000000	0.000000
RT.No318	113.000000	-103.000000	-218.000000	0.000000
RT.No319	104.000000	-82.000000	-220.000000	0.000000
RT.No320	92.000000	-62.000000	-222.000000	0.000000
RT.No321	76.000000	-43.000000	-222.000000	0.000000
RT.No322	59.000000	-25.000000	-221.000000	0.000000
RT.No323	40.000000	-9.000000	-218.000000	0.000000
RT.No324	21.000000	3.000000	-216.000000	0.000000
RT.No325	1.000000	13.000000	-212.000000	0.000000
RT.No326	-18.000000	19.000000	-209.000000	0.000000
RT.No327	-37.000000	23.000000	-204.000000	0.000000
RT.No328	-53.000000	24.000000	-201.000000	0.000000
RT.No329	-65.000000	24.000000	-198.000000	0.000000
RT.No330	-74.000000	23.000000	-195.000000	0.000000
RT.No331	-79.000000	21.000000	-193.000000	0.000000
RT.No332	-82.000000	19.000000	-193.000000	0.000000
RT.No333	-83.000000	17.000000	-193.000000	0.000000
RT.No334	-82.000000	16.000000	-193.000000	0.000000
RT.No335	-80.000000	15.000000	-194.000000	0.000000
RT.No336	-77.000000	15.000000	-195.000000	0.000000
RT.No337	-73.000000	15.000000	-196.000000	0.000000
RT.No338	-70.000000	16.000000	-197.000000	0.000000
RT.No339	-68.000000	17.000000	-198.000000	0.000000
RT.No340	-66.000000	17.000000	-198.000000	0.000000
RT.No341	-65.000000	18.000000	-198.000000	0.000000
RT.No342	-65.000000	18.000000	-198.000000	0.000000
RT.No343	-65.000000	18.000000	-198.000000	0.000000
RT.No344	-66.000000	17.000000	-198.000000	0.000000
RT.No345	-67.000000	17.000000	-197.000000	0.000000
RT.No346	-69.000000	16.000000	-197.000000	0.000000
RT.No347	-71.000000	15.000000	-197.000000	0.000000
RT.No348	-73.000000	14.000000	-196.000000	0.000000
RT.No349	-74.000000	14.000000	-195.000000	0.000000
RT.No350	-75.000000	13.000000	-195.000000	0.000000
RT.No351	-76.000000	13.000000	-195.000000	0.000000
RT.No352	-77.000000	13.000000	-194.000000	0.000000
RT.No353	-77.000000	13.000000	-194.000000	0.000000
RT.No354	-78.000000	13.000000	-194.000000	0.000000
RT.No355	-78.000000	13.000000	-194.000000	0.000000
RT.No356	-77.000000	14.000000	-194.000000	0.000000
RT.No357	-77.000000	14.000000	-194.000000	0.000000
RT.No358	-77.000000	14.000000	-194.000000	0.000000
RT.No359	-77.000000	14.000000	-194.000000	0.000000
RT.No360	-77.000000	15.000000	-194.000000	0.000000
RT.No361	-76.000000	15.000000	-194.000000	0.000000
RT.No362	-75.000000	16.000000	-194.000000	0.000000
RT.No363	-73.000000	17.000000	-192.000000	0.000000
RT.No364	-72.000000	18.000000	-192.000000	0.000000
RT.No365	-70.000000	19.000000	-193.000000	0.000000
RT.No366	-69.000000	19.000000	-193.000000	0.000000
RT.No367	-68.000000	19.000000	-193.000000	0.000000
RT.No368	-64.000000	19.000000	-195.000000	0.000000
RT.No369	-57.000000	16.000000	-198.000000	0.000000
RT.No370	-47.000000	11.000000	-202.000000	0.000000
RT.No371	-35.000000	1.000000	-207.000000	0.000000
RT.No372	-19.000000	-12.000000	-210.000000	0.000000
RT.No373	0.000000	-30.000000	-214.000000	0.000000
RT.No374	22.000000	-50.000000	-213.000000	0.000000
RT.No375	47.000000	-72.000000	-210.000000	0.000000
RT.No376	75.000000	-96.000000	-203.000000	0.000000
RT.No377	103.000000	-121.000000	-194.000000	0.000000
RT.No378	129.000000	-145.000000	-181.000000	0.000000
RT.No379	153.000000	-168.000000	-162.000000	0.000000
RT.No380	174.000000	-187.000000	-141.000000	0.000000
RT.No381	193.000000	-201.000000	-117.000000	0.000000
RT.No382	207.000000	-211.000000	-92.000000	0.000000
RT.No383	218.000000	-215.000000	-68.000000	0.000000
RT.No384	226.000000	-216.000000	-46.000000	0.000000
RT.No385	232.000000	-215.000000	-28.000000	0.000000
RT.No386	235.000000	-213.000000	-13.000000	0.000000
RT.No387	238.000000	-209.000000	-1.000000	0.000000
RT.No388	241.000000	-204.000000	8.000000	0.000000
RT.No389	243.000000	-197.000000	15.000000	0.000000
RT.No390	244.000000	-191.000000	21.000000	0.000000
RT.No391	244.000000	-184.000000	27.000000	0.000000
RT.No392	243.000000	-177.000000	34.000000	0.000000
RT.No393	242.000000	-171.000000	41.000000	0.000000
RT.No394	240.000000	-165.000000	48.000000	0.000000
RT.No395	236.000000	-158.000000	59.000000	0.000000
RT.No396	231.000000	-151.000000	70.000000	0.000000
RT.No397	225.000000	-143.000000	84.000000	0.000000
RT.No398	217.000000	-136.000000	97.000000	0.000000
RT.No399	208.000000	-128.000000	111.000000	0.000000
RT.No400	200.000000	-120.000000	123.000000	0.000000
RT.No401	191.000000	-111.000000	133.000000	0.000000
RT.No402	182.000000	-101.000000	142.000000	0.000000
RT.No403	173.000000	-89.000000	150.000000	0.000000
RT.No404	164.000000	-76.000000	156.000000	0.000000
RT.No405	155.000000	-62.000000	161.000000	0.000000
RT.No406	145.000000	-47.000000	164.000000	0.000000
RT.No407	134.000000	-30.000000	167.000000	0.000000
RT.No408	123.000000	-14.000000	168.000000	0.000000
RT.No409	111.000000	2.000000	168.000000	0.000000
RT.No410	99.000000	18.000000	168.000000	0.000000
RT.No411	86.000000	32.000000	167.000000	0.000000
RT.No412	74.000000	45.000000	166.000000	0.000000
RT.No413	61.000000	56.000000	165.000000	0.000000
RT.No414	50.000000	65.000000	164.000000	0.000000
RT.No415	39.000000	73.000000	163.000000	0.000000
RT.No416	30.000000	79.000000	162.000000	0.000000
RT.No417	22.000000	83.000000	160.000000	0.000000
RT.No418	16.000000	87.000000	159.000000	0.000000
RT.No419	11.000000	88.000000	158.000000	0.000000
RT.No420	6.000000	90.000000	157.000000	0.000000
RT.No421	2.000000	90.000000	157.000000	0.000000
RT.No422	0.000000	91.000000	157.000000	0.000000
RT.No423	-3.000000	91.000000	157.000000	0.000000
RT.No424	-5.000000	91.000000	157.000000	0.000000
RT.No425	-7.000000	90.000000	158.000000	0.000000
RT.No426	-9.000000	88.000000	161.000000	0.000000
RT.No427	-10.000000	86.000000	163.000000	0.000000
RT.No428	-14.000000	82.000000	166.000000	0.000000
RT.No429	-17.000000	79.000000	168.000000	0.000000
RT.No430	-22.000000	74.000000	170.000000	0.000000
RT.No431	-29.000000	68.000000	172.000000	0.000000
RT.No432	-38.000000	60.000000	174.000000	0.000000
RT.No433	-47.000000	50.000000	176.000000	0.000000
RT.No434	-58.000000	38.000000	178.000000	0.000000
RT.No435	-69.000000	24.000000	180.000000	0.000000
RT.No436	-81.000000	8.000000	179.000000	0.000000
RT.No437	-92.000000	-8.000000	180.000000	0.000000
RT.No438	-101.000000	-26.000000	180.000000	0.000000
RT.No439	-109.000000	-43.000000	181.000000	0.000000
RT.No440	-115.000000	-55.000000	181.000000	0.000000
RT.No441	-120.000000	-64.000000	181.000000	0.000000
RT.No442	-121.000000	-66.000000	180.000000	0.000000
RT.No443	-121.000000	-64.000000	180.000000	0.000000
RT.No444	-117.000000	-58.000000	180.000000	0.000000
RT.No445	-109.000000	-48.000000	180.000000	0.000000
RT.No446	-98.000000	-36.000000	180.000000	0.000000
RT.No447	-84.000000	-23.000000	181.000000	0.000000
RT.No448	-69.000000	-9.000000	183.000000	0.000000
RT.No449	-51.000000	3.000000	184.000000	0.000000
RT.No450	-32.000000	11.000000	185.000000	0.000000
RT.No451	-11.000000	16.000000	186.000000	0.000000
RT.No452	9.000000	17.000000	188.000000	0.000000
RT.No453	31.000000	15.000000	188.000000	0.000000
RT.No454	51.000000	9.000000	188.000000	0.000000
RT.No455	69.000000	1.000000	187.000000	0.000000
RT.No456	84.000000	-8.000000	186.000000	0.000000
RT.No457	98.000000	-20.000000	184.000000	0.000000
RT.No458	110.000000	-33.000000	182.000000	0.000000
RT.No459	120.000000	-46.000000	180.000000	0.000000
RT.No460	128.000000	-61.000000	177.000000	0.000000
RT.No461	135.000000	-77.000000	174.000000	0.000000
RT.No462	139.000000	-95.000000	171.000000	0.000000
RT.No463	142.000000	-114.000000	169.000000	0.000000
RT.No464	141.000000	-133.000000	166.000000	0.000000
RT.No465	138.000000	-152.000000	164.000000	0.000000
RT.No466	133.000000	-170.000000	163.000000	0.000000
RT.No467	127.000000	-186.000000	161.000000	0.000000
RT.No468	118.000000	-200.000000	160.000000	0.000000
RT.No469	107.000000	-212.000000	161.000000	0.000000
RT.No470	94.000000	-221.000000	162.000000	0.000000
RT.No471	80.000000	-228.000000	164.000000	0.000000
RT.No472	64.000000	-230.000000	166.000000	0.000000
RT.No473	48.000000	-229.000000	170.000000	0.000000
RT.No474	33.000000	-226.000000	173.000000	0.000000
RT.No475	18.000000	-220.000000	177.000000	0.000000
RT.No476	3.000000	-212.000000	181.000000	0.000000
RT.No477	-10.000000	-202.000000	185.000000	0.000000
RT.No478	-22.000000	-191.000000	188.000000	0.000000
RT.No479	-34.000000	-179.000000	190.000000	0.000000
RT.No480	-44.000000	-165.000000	192.000000	0.000000
RT.No481	-53.000000	-149.000000	194.000000	0.000000
RT.No482	-59.000000	-132.000000	195.000000	0.000000
RT.No483	-64.000000	-115.000000	195.000000	0.000000
RT.No484	-67.000000	-98.000000	195.000000	0.000000
RT.No485	-69.000000	-83.000000	195.000000	0.000000
RT.No486	-71.000000	-71.000000	194.000000	0.000000
RT.No487	-73.000000	-62.000000	194.000000	0.000000
RT.No488	-74.000000	-58.000000	194.000000	0.000000
RT.No489	-74.000000	-60.000000	194.000000	0.000000
RT.No490	-74.000000	-67.000000	193.000000	0.000000
RT.No491	-73.000000	-80.000000	191.000000	0.000000
RT.No492	-71.000000	-99.000000	189.000000	0.000000
RT.No493	-68.000000	-123.000000	185.000000	0.000000
RT.No494	-62.000000	-149.000000	180.000000	0.000000
RT.No495	-56.000000	-175.000000	175.000000	0.000000
RT.No496	-46.000000	-201.000000	167.000000	0.000000
RT.No497	-34.000000	-227.000000	159.000000	0.000000
RT.No498	-21.000000	-249.000000	150.000000	0.000000
RT.No499	-6.000000	-269.000000	139.000000	0.000000
RT.No500	9.000000	-285.000000	129.000000	0.000000
RT.No501	27.000000	-297.000000	118.000000	0.000000
RT.No502	43.000000	-306.000000	109.000000	0.000000
RT.No503	57.000000	-312.000000	101.000000	0.000000
RT.No504	67.000000	-316.000000	94.000000	0.000000
RT.No505	75.000000	-320.000000	89.000000	0.000000
RT.No506	80.000000	-322.000000	85.000000	0.000000
RT.No507	83.000000	-323.000000	82.000000	0.000000
RT.No508	84.000000	-323.000000	80.000000	0.000000
RT.No509	84.000000	-322.000000	81.000000	0.000000
RT.No510	81.000000	-322.000000	82.000000	0.000000
RT.No511	75.000000	-321.000000	85.000000	0.000000
RT.No512	68.000000	-321.000000	88.000000	0.000000
RT.No513	60.000000	-321.000000	90.000000	0.000000
RT.No514	52.000000	-321.000000	92.000000	0.000000
RT.No515	46.000000	-321.000000	94.000000	0.000000
RT.No516	39.000000	-321.000000	95.000000	0.000000
RT.No517	33.000000	-321.000000	95.000000	0.000000
RT.No518	28.000000	-322.000000	95.000000	0.000000
RT.No519	22.000000	-324.000000	94.000000	0.000000
RT.No520	19.000000	-326.000000	91.000000	0.000000
RT.No521	15.000000	-328.000000	88.000000	0.000000
RT.No522	13.000000	-330.000000	85.000000	0.000000
RT.No523	12.000000	-332.000000	82.000000	0.000000
RT.No524	12.000000	-333.000000	80.000000	0.000000
RT.No525	11.000000	-334.000000	78.000000	0.000000
RT.No526	11.000000	-335.000000	76.000000	0.000000
RT.No527	10.000000	-336.000000	75.000000	0.000000
RT.No528	8.000000	-336.000000	74.000000	0.000000
RT.No529	7.000000	-337.000000	73.000000	0.000000
RT.No530	4.000000	-337.000000	72.000000	0.000000
RT.No531	2.000000	-337.000000	73.000000	0.000000
RT.No532	-1.000000	-337.000000	74.000000	0.000000
RT.No533	-6.000000	-336.000000	75.000000	0.000000
RT.No534	-13.000000	-334.000000	74.000000	0.000000
RT.No535	-21.000000	-333.000000	72.000000	0.000000
RT.No536	-28.000000	-333.000000	68.000000	0.000000
RT.No537	-37.000000	-332.000000	61.000000	0.000000
RT.No538	-44.000000	-332.000000	53.000000	0.000000
RT.No539	-51.000000	-332.000000	44.000000	0.000000
RT.No540	-58.000000	-332.000000	34.000000	0.000000
RT.No541	-64.000000	-332.000000	24.000000	0.000000
RT.No542	-69.000000	-333.000000	11.000000	0.000000
RT.No543	-70.000000	-333.000000	-3.000000	0.000000
RT.No544	-67.000000	-334.000000	-19.000000	0.000000
RT.No545	-62.000000	-335.000000	-33.000000	0.000000
RT.No546	-55.000000	-336.000000	-46.000000	0.000000
RT.No547	-46.000000	-336.000000	-57.000000	0.000000
RT.No548	-38.000000	-336.000000	-67.000000	0.000000
RT.No549	-28.000000	-334.000000	-77.000000	0.000000
RT.No550	-19.000000	-333.000000	-88.000000	0.000000
RT.No551	-9.000000	-330.000000	-99.000000	0.000000
RT.No552	2.000000	-328.000000	-108.000000	0.000000
RT.No553	15.000000	-325.000000	-114.000000	0.000000
RT.No554	28.000000	-321.000000	-119.000000	0.000000
RT.No555	40.000000	-318.000000	-124.000000	0.000000
RT.No556	51.000000	-314.000000	-128.000000	0.000000
RT.No557	64.000000	-311.000000	-131.000000	0.000000
RT.No558	76.000000	-307.000000	-131.000000	0.000000
RT.No559	88.000000	-305.000000	-130.000000	0.000000
RT.No560	100.000000	-303.000000	-128.000000	0.000000
RT.No561	111.000000	-303.000000	-124.000000	0.000000
RT.No562	120.000000	-302.000000	-118.000000	0.000000
RT.No563	127.000000	-302.000000	-113.000000	0.000000
RT.No564	133.000000	-302.000000	-109.000000	0.000000
RT.No565	140.000000	-301.000000	-104.000000	0.000000
RT.No566	144.000000	-302.000000	-98.000000	0.000000
RT.No567	147.000000	-303.000000	-93.000000	0.000000
RT.No568	150.000000	-304.000000	-88.000000	0.000000
RT.No569	152.000000	-305.000000	-82.000000	0.000000
RT.No570	154.000000	-306.000000	-77.000000	0.000000
RT.No571	156.000000	-307.000000	-71.000000	0.000000
RT.No572	157.000000	-308.000000	-62.000000	0.000000
RT.No573	157.000000	-309.000000	-53.000000	0.000000
RT.No574	157.000000	-310.000000	-42.000000	0.000000
RT.No575	156.000000	-311.000000	-32.000000	0.000000
RT.No576	156.000000	-312.000000	-23.000000	0.000000
RT.No577	156.000000	-313.000000	-17.000000	0.000000
RT.No578	155.000000	-314.000000	-14.000000	0.000000
RT.No579	153.000000	-315.000000	-15.000000	0.000000
RT.No580	152.000000	-315.000000	-18.000000	0.000000
RT.No581	149.000000	-315.000000	-25.000000	0.000000
RT.No582	145.000000	-314.000000	-36.000000	0.000000
RT.No583	139.000000	-314.000000	-48.000000	0.000000
RT.No584	132.000000	-314.000000	-63.000000	0.000000
RT.No585	124.000000	-314.000000	-78.000000	0.000000
RT.No586	114.000000	-315.000000	-93.000000	0.000000
RT.No587	102.000000	-315.000000	-105.000000	0.000000
RT.No588	87.000000	-315.000000	-113.000000	0.000000
RT.No589	68.000000	-317.000000	-116.000000	0.000000
RT.No590	48.000000	-318.000000	-115.000000	0.000000
RT.No591	26.000000	-321.000000	-110.000000	0.000000
RT.No592	5.000000	-322.000000	-102.000000	0.000000
RT.No593	-15.000000	-323.000000	-90.000000	0.000000
RT.No594	-34.000000	-322.000000	-76.000000	0.000000
RT.No595	-52.000000	-322.000000	-58.000000	0.000000
RT.No596	-68.000000	-321.000000	-38.000000	0.000000
RT.No597	-80.000000	-321.000000	-17.000000	0.000000
RT.No598	-87.000000	-320.000000	2.000000	0.000000
RT.No599	-89.000000	-319.000000	19.000000	0.000000
RT.No600	-87.000000	-318.000000	35.000000	0.000000
RT.No601	-81.000000	-317.000000	50.000000	0.000000
RT.No602	-72.000000	-317.000000	63.000000	0.000000
RT.No603	-60.000000	-317.000000	74.000000	0.000000
RT.No604	-46.000000	-318.000000	82.000000	0.000000
RT.No605	-32.000000	-319.000000	88.000000	0.000000
RT.No606	-17.000000	-319.000000	93.000000	0.000000
RT.No607	-2.000000	-319.000000	96.000000	0.000000
RT.No608	11.000000	-318.000000	99.000000	0.000000
RT.No609	26.000000	-317.000000	100.000000	0.000000
RT.No610	40.000000	-316.000000	101.000000	0.000000
RT.No611	53.000000	-315.000000	98.000000	0.000000
RT.No612	68.000000	-313.000000	94.000000	0.000000
RT.No613	82.000000	-310.000000	89.000000	0.000000
RT.No614	97.000000	-308.000000	82.000000	0.000000
RT.No615	110.000000	-306.000000	72.000000	0.000000
RT.No616	122.000000	-304.000000	59.000000	0.000000
RT.No617	133.000000	-304.000000	44.000000	0.000000
RT.No618	141.000000	-304.000000	27.000000	0.000000
RT.No619	146.000000	-305.000000	10.000000	0.000000
RT.No620	149.000000	-306.000000	-6.000000	0.000000
RT.No621	148.000000	-308.000000	-22.000000	0.000000
RT.No622	143.000000	-310.000000	-37.000000	0.000000
RT.No623	135.000000	-314.000000	-52.000000	0.000000
RT.No624	124.000000	-317.000000	-64.000000	0.000000
RT.No625	112.000000	-322.000000	-75.000000	0.000000
RT.No626	98.000000	-325.000000	-83.000000	0.000000
RT.No627	84.000000	-328.000000	-89.000000	0.000000
RT.No628	70.000000	-331.000000	-93.000000	0.000000
RT.No629	56.000000	-332.000000	-96.000000	0.000000
RT.No630	43.000000	-333.000000	-99.000000	0.000000
RT.No631	30.000000	-334.000000	-100.000000	0.000000
RT.No632	16.000000	-334.000000	-100.000000	0.000000
RT.No633	3.000000	-334.000000	-96.000000	0.000000
RT.No634	-10.000000	-335.000000	-88.000000	0.000000
RT.No635	-22.000000	-334.000000	-76.000000	0.000000
RT.No636	-33.000000	-334.000000	-62.000000	0.000000
RT.No637	-42.000000	-334.000000	-48.000000	0.000000
RT.No638	-49.000000	-334.000000	-32.000000	0.000000
RT.No639	-55.000000	-334.000000	-15.000000	0.000000
RT.No640	-59.000000	-334.000000	1.000000	0.000000
RT.No641	-61.000000	-333.000000	18.000000	0.000000
RT.No642	-60.000000	-333.000000	34.000000	0.000000
RT.No643	-55.000000	-333.000000	49.000000	0.000000
RT.No644	-45.000000	-333.000000	60.000000	0.000000
RT.No645	-34.000000	-333.000000	66.000000	0.000000
RT.No646	-21.000000	-333.000000	70.000000	0.000000
RT.No647	-6.000000	-333.000000	70.000000	0.000000
RT.No648	12.000000	-332.000000	67.000000	0.000000
RT.No649	33.000000	-330.000000	58.000000	0.000000
RT.No650	56.000000	-326.000000	46.000000	0.000000
RT.No651	80.000000	-318.000000	29.000000	0.000000
RT.No652	104.000000	-307.000000	10.000000	0.000000
RT.No653	125.000000	-291.000000	-12.000000	0.000000
RT.No654	144.000000	-270.000000	-36.000000	0.000000
RT.No655	161.000000	-245.000000	-59.000000	0.000000
RT.No656	174.000000	-215.000000	-82.000000	0.000000
RT.No657	182.000000	-182.000000	-103.000000	0.000000
RT.No658	186.000000	-146.000000	-120.000000	0.000000
RT.No659	185.000000	-110.000000	-131.000000	0.000000
RT.No660	182.000000	-74.000000	-137.000000	0.000000
RT.No661	176.000000	-41.000000	-138.000000	0.000000
RT.No662	169.000000	-9.000000	-136.000000	0.000000
RT.No663	161.000000	18.000000	-129.000000	0.000000
RT.No664	154.000000	40.000000	-118.000000	0.000000
RT.No665	146.000000	60.000000	-107.000000	0.000000
RT.No666	139.000000	75.000000	-91.000000	0.000000
RT.No667	133.000000	87.000000	-73.000000	0.000000
RT.No668	126.000000	97.000000	-56.000000	0.000000
RT.No669	121.000000	105.000000	-40.000000	0.000000
RT.No670	114.000000	111.000000	-26.000000	0.000000
RT.No671	107.000000	116.000000	-11.000000	0.000000
RT.No672	100.000000	119.000000	2.000000	0.000000
RT.No673	93.000000	122.000000	15.000000	0.000000
RT.No674	85.000000	125.000000	25.000000	0.000000
RT.No675	77.000000	127.000000	34.000000	0.000000
RT.No676	69.000000	128.000000	41.000000	0.000000
RT.No677	61.000000	129.000000	46.000000	0.000000
RT.No678	55.000000	129.000000	51.000000	0.000000
RT.No679	49.000000	129.000000	56.000000	0.000000
RT.No680	43.000000	129.000000	61.000000	0.000000
RT.No681	37.000000	128.000000	66.000000	0.000000
RT.No682	30.000000	127.000000	70.000000	0.000000
RT.No683	22.000000	125.000000	76.000000	0.000000
RT.No684	12.000000	122.000000	81.000000	0.000000
RT.No685	1.000000	119.000000	85.000000	0.000000
RT.No686	-11.000000	116.000000	87.000000	0.000000
RT.No687	-26.000000	113.000000	87.000000	0.000000
RT.No688	-42.000000	109.000000	85.000000	0.000000
RT.No689	-60.000000	105.000000	79.000000	0.000000
RT.No690	-78.000000	101.000000	71.000000	0.000000
RT.No691	-95.000000	97.000000	61.000000	0.000000
RT.No692	-110.000000	93.000000	48.000000	0.000000
RT.No693	-122.000000	88.000000	31.000000	0.000000
RT.No694	-131.000000	84.000000	12.000000	0.000000
RT.No695	-137.000000	80.000000	-8.000000	0.000000
RT.No696	-139.000000	76.000000	-28.000000	0.000000
RT.No697	-139.000000	73.000000	-48.000000	0.000000
RT.No698	-138.000000	70.000000	-64.000000	0.000000
RT.No699	-137.000000	68.000000	-75.000000	0.000000
RT.No700	-136.000000	68.000000	-80.000000	0.000000
RT.No701	-135.000000	69.000000	-79.000000	0.000000
RT.No702	-133.000000	72.000000	-74.000000	0.000000
RT.No703	-130.000000	75.000000	-64.000000	0.000000
RT.No704	-127.000000	79.000000	-52.000000	0.000000
RT.No705	-123.000000	85.000000	-37.000000	0.000000
RT.No706	-119.000000	92.000000	-19.000000	0.000000
RT.No707	-111.000000	98.000000	0.000000	0.000000
RT.No708	-101.000000	105.000000	17.000000	0.000000
RT.No709	-86.000000	111.000000	31.000000	0.000000
RT.No710	-71.000000	116.000000	42.000000	0.000000
RT.No711	-54.000000	121.000000	48.000000	0.000000
RT.No712	-38.000000	125.000000	51.000000	0.000000
RT.No713	-22.000000	129.000000	51.000000	0.000000
RT.No714	-5.000000	132.000000	50.000000	0.000000
RT.No715	10.000000	133.000000	46.000000	0.000000
RT.No716	25.000000	134.000000	39.000000	0.000000
RT.No717	37.000000	134.000000	31.000000	0.000000
RT.No718	47.000000	135.000000	21.000000	0.000000
RT.No719	54.000000	134.000000	9.000000	0.000000
RT.No720	60.000000	133.000000	-3.000000	0.000000
RT.No721	64.000000	132.000000	-16.000000	0.000000
RT.No722	68.000000	131.000000	-27.000000	0.000000
RT.No723	70.000000	130.000000	-36.000000	0.000000
RT.No724	69.000000	130.000000	-47.000000	0.000000
RT.No725	65.000000	129.000000	-56.000000	0.000000
RT.No726	57.000000	130.000000	-62.000000	0.000000
RT.No727	48.000000	130.000000	-66.000000	0.000000
RT.No728	37.000000	131.000000	-69.000000	0.000000
RT.No729	27.000000	133.000000	-68.000000	0.000000
RT.No730	16.000000	134.000000	-66.000000	0.000000
RT.No731	4.000000	134.000000	-65.000000	0.000000
RT.No732	-8.000000	134.000000	-66.000000	0.000000
RT.No733	-21.000000	132.000000	-67.000000	0.000000
RT.No734	-34.000000	130.000000	-67.000000	0.000000
RT.No735	-44.000000	128.000000	-68.000000	0.000000
RT.No736	-52.000000	125.000000	-71.000000	0.000000
RT.No737	-56.000000	120.000000	-78.000000	0.000000
RT.No738	-53.000000	114.000000	-88.000000	0.000000
RT.No739	-46.000000	108.000000	-99.000000	0.000000
RT.No740	-33.000000	101.000000	-107.000000	0.000000
RT.No741	-14.000000	96.000000	-112.000000	0.000000
RT.No742	7.000000	92.000000	-111.000000	0.000000
RT.No743	30.000000	89.000000	-107.000000	0.000000
RT.No744	53.000000	88.000000	-102.000000	0.000000
RT.No745	75.000000	87.000000	-91.000000	0.000000
RT.No746	94.000000	87.000000	-77.000000	0.000000
RT.No747	108.000000	89.000000	-59.000000	0.000000
RT.No748	116.000000	92.000000	-38.000000	0.000000
RT.No749	117.000000	97.000000	-15.000000	0.000000
RT.No750	111.000000	102.000000	5.000000	0.000000
RT.No751	99.000000	107.000000	24.000000	0.000000
RT.No752	83.000000	112.000000	38.000000	0.000000
RT.No753	66.000000	115.000000	47.000000	0.000000
RT.No754	49.000000	119.000000	57.000000	0.000000
RT.No755	32.000000	121.000000	62.000000	0.000000
RT.No756	16.000000	123.000000	65.000000	0.000000
RT.No757	2.000000	124.000000	68.000000	0.000000
RT.No758	-10.000000	124.000000	70.000000	0.000000
RT.No759	-19.000000	124.000000	70.000000	0.000000
RT.No760	-27.000000	123.000000	72.000000	0.000000
RT.No761	-31.000000	122.000000	73.000000	0.000000
RT.No762	-32.000000	121.000000	75.000000	0.000000
RT.No763	-34.000000	120.000000	77.000000	0.000000
RT.No764	-35.000000	118.000000	79.000000	0.000000
RT.No765	-36.000000	117.000000	81.000000	0.000000
RT.No766	-36.000000	116.000000	82.000000	0.000000
RT.No767	-38.000000	116.000000	81.000000	0.000000
RT.No768	-42.000000	116.000000	79.000000	0.000000
RT.No769	-47.000000	116.000000	74.000000	0.000000
RT.No770	-52.000000	116.000000	69.000000	0.000000
RT.No771	-59.000000	115.000000	65.000000	0.000000
RT.No772	-66.000000	113.000000	63.000000	0.000000
RT.No773	-74.000000	110.000000	62.000000	0.000000
RT.No774	-81.000000	106.000000	63.000000	0.000000
RT.No775	-87.000000	102.000000	64.000000	0.000000
RT.No776	-94.000000	97.000000	67.000000	0.000000
RT.No777	-99.000000	92.000000	70.000000	0.000000
RT.No778	-104.000000	87.000000	73.000000	0.000000
RT.No779	-106.000000	84.000000	78.000000	0.000000
RT.No780	-109.000000	81.000000	80.000000	0.000000
RT.No781	-112.000000	80.000000	79.000000	0.000000
RT.No782	-115.000000	80.000000	72.000000	0.000000
RT.No783	-116.000000	82.000000	64.000000	0.000000
RT.No784	-117.000000	84.000000	53.000000	0.000000
RT.No785	-120.000000	86.000000	40.000000	0.000000
RT.No786	-122.000000	89.000000	28.000000	0.000000
RT.No787	-124.000000	90.000000	15.000000	0.000000
RT.No788	-125.000000	92.000000	3.000000	0.000000
RT.No789	-126.000000	93.000000	-8.000000	0.000000
RT.No790	-126.000000	95.000000	-17.000000	0.000000
RT.No791	-124.000000	96.000000	-24.000000	0.000000
RT.No792	-122.000000	97.000000	-30.000000	0.000000
RT.No793	-119.000000	99.000000	-35.000000	0.000000
RT.No794	-113.000000	101.000000	-39.000000	0.000000
RT.No795	-105.000000	104.000000	-44.000000	0.000000
RT.No796	-94.000000	108.000000	-48.000000	0.000000
RT.No797	-80.000000	113.000000	-52.000000	0.000000
RT.No798	-63.000000	116.000000	-56.000000	0.000000
RT.No799	-44.000000	119.000000	-59.000000	0.000000
RT.No800	-25.000000	121.000000	-62.000000	0.000000
RT.No801	-5.000000	122.000000	-66.000000	0.000000
RT.No802	15.000000	121.000000	-70.000000	0.000000
RT.No803	36.000000	119.000000	-73.000000	0.000000
RT.No804	54.000000	116.000000	-75.000000	0.000000
RT.No805	69.000000	112.000000	-79.000000	0.000000
RT.No806	79.000000	108.000000	-84.000000	0.000000
RT.No807	84.000000	104.000000	-89.000000	0.000000
RT.No808	85.000000	102.000000	-94.000000	0.000000
RT.No809	83.000000	100.000000	-98.000000	0.000000
RT.No810	79.000000	99.000000	-101.000000	0.000000
RT.No811	75.000000	100.000000	-103.000000	0.000000
RT.No812	72.000000	102.000000	-102.000000	0.000000
RT.No813	69.000000	104.000000	-100.000000	0.000000
RT.No814	66.000000	107.000000	-98.000000	0.000000
RT.No815	65.000000	109.000000	-95.000000	0.000000
RT.No816	66.000000	111.000000	-92.000000	0.000000
RT.No817	69.000000	113.000000	-86.000000	0.000000
RT.No818	74.000000	114.000000	-80.000000	0.000000
RT.No819	80.000000	114.000000	-76.000000	0.000000
RT.No820	86.000000	114.000000	-72.000000	0.000000
RT.No821	89.000000	114.000000	-68.000000	0.000000
RT.No822	91.000000	114.000000	-67.000000	0.000000
RT.No823	93.000000	113.000000	-67.000000	0.000000
RT.No824	94.000000	111.000000	-68.000000	0.000000
RT.No825	97.000000	110.000000	-68.000000	0.000000
RT.No826	100.000000	108.000000	-67.000000	0.000000
RT.No827	103.000000	107.000000	-68.000000	0.000000
RT.No828	105.000000	106.000000	-68.000000	0.000000
RT.No829	108.000000	104.000000	-68.000000	0.000000
RT.No830	112.000000	102.000000	-67.000000	0.000000
RT.No831	117.000000	100.000000	-66.000000	0.000000
RT.No832	121.000000	97.000000	-66.000000	0.000000
RT.No833	124.000000	96.000000	-66.000000	0.000000
RT.No834	126.000000	95.000000	-66.000000	0.000000
RT.No835	126.000000	95.000000	-65.000000	0.000000
RT.No836	126.000000	95.000000	-64.000000	0.000000
RT.No837	126.000000	96.000000	-65.000000	0.000000
RT.No838	125.000000	96.000000	-65.000000	0.000000
RT.No839	123.000000	98.000000	-63.000000	0.000000
RT.No840	120.000000	100.000000	-62.000000	0.000000
RT.No841	116.000000	102.000000	-63.000000	0.000000
RT.No842	112.000000	104.000000	-63.000000	0.000000
RT.No843	108.000000	107.000000	-62.000000	0.000000
RT.No844	106.000000	109.000000	-60.000000	0.000000
RT.No845	102.000000	111.000000	-60.000000	0.000000
RT.No846	99.000000	113.000000	-58.000000	0.000000
RT.No847	97.000000	115.000000	-56.000000	0.000000
RT.No848	95.000000	116.000000	-53.000000	0.000000
RT.No849	93.000000	118.000000	-51.000000	0.000000
RT.No850	90.000000	119.000000	-52.000000	0.000000
RT.No851	88.000000	119.000000	-53.000000	0.000000
RT.No852	86.000000	119.000000	-55.000000	0.000000
RT.No853	86.000000	119.000000	-58.000000	0.000000
RT.No854	84.000000	118.000000	-62.000000	0.000000
RT.No855	80.000000	117.000000	-66.000000	0.000000
RT.No856	76.000000	116.000000	-72.000000	0.000000
RT.No857	71.000000	115.000000	-77.000000	0.000000
RT.No858	69.000000	115.000000	-81.000000	0.000000
RT.No859	69.000000	114.000000	-86.000000	0.000000
RT.No860	72.000000	113.000000	-86.000000	0.000000
RT.No861	74.000000	112.000000	-86.000000	0.000000
RT.No862	79.000000	110.000000	-84.000000	0.000000
RT.No863	83.000000	109.000000	-83.000000	0.000000
RT.No864	88.000000	107.000000	-81.000000	0.000000
RT.No865	96.000000	104.000000	-80.000000	0.000000
RT.No866	106.000000	101.000000	-77.000000	0.000000
RT.No867	113.000000	99.000000	-76.000000	0.000000
RT.No868	118.000000	96.000000	-77.000000	0.000000
RT.No869	121.000000	95.000000	-77.000000	0.000000
RT.No870	122.000000	94.000000	-78.000000	0.000000
RT.No871	123.000000	94.000000	-76.000000	0.000000
RT.No872	122.000000	95.000000	-76.000000	0.000000
RT.No873	119.000000	97.000000	-75.000000	0.000000
RT.No874	117.000000	99.000000	-72.000000	0.000000
RT.No875	116.000000	101.000000	-66.000000	0.000000
RT.No876	115.000000	103.000000	-60.000000	0.000000
RT.No877	114.000000	105.000000	-53.000000	0.000000
RT.No878	113.000000	107.000000	-48.000000	0.000000
RT.No879	112.000000	109.000000	-46.000000	0.000000
RT.No880	110.000000	110.000000	-45.000000	0.000000
RT.No881	111.000000	109.000000	-45.000000	0.000000
RT.No882	113.000000	108.000000	-43.000000	0.000000
RT.No883	117.000000	106.000000	-39.000000	0.000000
RT.No884	120.000000	104.000000	-32.000000	0.000000
RT.No885	121.000000	103.000000	-28.000000	0.000000
RT.No886	121.000000	103.000000	-24.000000	0.000000
RT.No887	119.000000	103.000000	-18.000000	0.000000
RT.No888	116.000000	103.000000	-8.000000	0.000000
RT.No889	112.000000	102.000000	4.000000	0.000000
RT.No890	106.000000	102.000000	16.000000	0.000000
RT.No891	98.000000	102.000000	28.000000	0.000000
RT.No892	88.000000	103.000000	40.000000	0.000000
RT.No893	77.000000	104.000000	50.000000	0.000000
RT.No894	69.000000	105.000000	56.000000	0.000000
RT.No895	62.000000	105.000000	63.000000	0.000000
RT.No896	58.000000	105.000000	68.000000	0.000000
RT.No897	56.000000	104.000000	71.000000	0.000000
RT.No898	55.000000	104.000000	72.000000	0.000000
RT.No899	56.000000	104.000000	72.000000	0.000000
RT.No900	54.000000	105.000000	72.000000	0.000000
RT.No901	53.000000	106.000000	72.000000	0.000000
RT.No902	50.000000	108.000000	71.000000	0.000000
RT.No903	47.000000	112.000000	67.000000	0.000000
RT.No904	41.000000	116.000000	62.000000	0.000000
RT.No905	33.000000	120.000000	54.000000	0.000000
RT.No906	23.000000	124.000000	44.000000	0.000000
RT.No907	13.000000	128.000000	31.000000	0.000000
RT.No908	1.000000	130.000000	17.000000	0.000000
RT.No909	-10.000000	132.000000	1.000000	0.000000
RT.No910	-18.000000	132.000000	-15.000000	0.000000
RT.No911	-28.000000	132.000000	-31.000000	0.000000
RT.No912	-38.000000	130.000000	-44.000000	0.000000
RT.No913	-49.000000	128.000000	-55.000000	0.000000
RT.No914	-60.000000	125.000000	-65.000000	0.000000
RT.No915	-73.000000	120.000000	-72.000000	0.000000
RT.No916	-86.000000	114.000000	-74.000000	0.000000
RT.No917	-100.000000	108.000000	-74.000000	0.000000
RT.No918	-115.000000	100.000000	-71.000000	0.000000
RT.No919	-130.000000	91.000000	-65.000000	0.000000
RT.No920	-146.000000	79.000000	-57.000000	0.000000
RT.No921	-160.000000	65.000000	-46.000000	0.000000
RT.No922	-173.000000	50.000000	-34.000000	0.000000
RT.No923	-185.000000	34.000000	-21.000000	0.000000
RT.No924	-195.000000	17.000000	-6.000000	0.000000
RT.No925	-204.000000	-1.000000	9.000000	0.000000
RT.No926	-210.000000	-20.000000	23.000000	0.000000
RT.No927	-215.000000	-40.000000	38.000000	0.000000
RT.No928	-218.000000	-60.000000	51.000000	0.000000
RT.No929	-218.000000	-78.000000	62.000000	0.000000
RT.No930	-217.000000	-95.000000	72.000000	0.000000
RT.No931	-215.000000	-110.000000	80.000000	0.000000
RT.No932	-212.000000	-125.000000	85.000000	0.000000
RT.No933	-209.000000	-139.000000	88.000000	0.000000
RT.No934	-205.000000	-154.000000	90.000000	0.000000
RT.No935	-200.000000	-169.000000	90.000000	0.000000
RT.No936	-194.000000	-183.000000	89.000000	0.000000
RT.No937	-188.000000	-198.000000	87.000000	0.000000
RT.No938	-181.000000	-212.000000	84.000000	0.000000
RT.No939	-175.000000	-225.000000	79.000000	0.000000
RT.No940	-169.000000	-238.000000	73.000000	0.000000
RT.No941	-163.000000	-251.000000	65.000000	0.000000
RT.No942	-158.000000	-262.000000	56.000000	0.000000
RT.No943	-154.000000	-271.000000	44.000000	0.000000
RT.No944	-152.000000	-277.000000	31.000000	0.000000
RT.No945	-151.000000	-281.000000	17.000000	0.000000
RT.No946	-152.000000	-280.000000	4.000000	0.000000
RT.No947	-154.000000	-278.000000	-9.000000	0.000000
RT.No948	-157.000000	-274.000000	-22.000000	0.000000
RT.No949	-160.000000	-268.000000	-35.000000	0.000000
RT.No950	-163.000000	-259.000000	-46.000000	0.000000
RT.No951	-168.000000	-249.000000	-57.000000	0.000000
RT.No952	-172.000000	-237.000000	-65.000000	0.000000
RT.No953	-177.000000	-224.000000	-72.000000	0.000000
RT.No954	-182.000000	-210.000000	-78.000000	0.000000
RT.No955	-186.000000	-195.000000	-82.000000	0.000000
RT.No956	-191.000000	-179.000000	-85.000000	0.000000
RT.No957	-195.000000	-161.000000	-86.000000	0.000000
RT.No958	-199.000000	-143.000000	-85.000000	0.000000
RT.No959	-203.000000	-124.000000	-83.000000	0.000000
RT.No960	-206.000000	-105.000000	-78.000000	0.000000
RT.No961	-208.000000	-87.000000	-73.000000	0.000000
RT.No962	-210.000000	-71.000000	-65.000000	0.000000
RT.No963	-212.000000	-55.000000	-56.000000	0.000000
RT.No964	-213.000000	-40.000000	-45.000000	0.000000
RT.No965	-214.000000	-28.000000	-31.000000	0.000000
RT.No966	-214.000000	-19.000000	-18.000000	0.000000
RT.No967	-213.000000	-12.000000	-5.000000	0.000000
RT.No968	-213.000000	-6.000000	5.000000	0.000000
RT.No969	-213.000000	-2.000000	12.000000	0.000000
RT.No970	-213.000000	-1.000000	15.000000	0.000000
RT.No971	-214.000000	-3.000000	15.000000	0.000000
RT.No972	-214.000000	-7.000000	11.000000	0.000000
RT.No973	-214.000000	-13.000000	4.000000	0.000000
RT.No974	-214.000000	-22.000000	-5.000000	0.000000
RT.No975	-214.000000	-34.000000	-18.000000	0.000000
RT.No976	-213.000000	-48.000000	-32.000000	0.000000
RT.No977	-212.000000	-66.000000	-45.000000	0.000000
RT.No978	-210.000000	-87.000000	-57.000000	0.000000
RT.No979	-206.000000	-109.000000	-65.000000	0.000000
RT.No980	-202.000000	-133.000000	-69.000000	0.000000
RT.No981	-197.000000	-156.000000	-69.000000	0.000000
RT.No982	-192.000000	-179.000000	-65.000000	0.000000
RT.No983	-185.000000	-201.000000	-58.000000	0.000000
RT.No984	-179.000000	-221.000000	-49.000000	0.000000
RT.No985	-172.000000	-239.000000	-37.000000	0.000000
RT.No986	-165.000000	-253.000000	-24.000000	0.000000
RT.No987	-159.000000	-264.000000	-9.000000	0.000000
RT.No988	-153.000000	-272.000000	7.000000	0.000000
RT.No989	-148.000000	-277.000000	23.000000	0.000000
RT.No990	-144.000000	-278.000000	40.000000	0.000000
RT.No991	-142.000000	-275.000000	56.000000	0.000000
RT.No992	-141.000000	-270.000000	70.000000	0.000000
RT.No993	-141.000000	-263.000000	83.000000	0.000000
RT.No994	-143.000000	-252.000000	95.000000	0.000000
RT.No995	-146.000000	-240.000000	105.000000	0.000000
RT.No996	-150.000000	-225.000000	113.000000	0.000000
RT.No997	-156.000000	-210.000000	118.000000	0.000000
RT.No998	-163.000000	-194.000000	121.000000	0.000000
RT.No999	-171.000000	-177.000000	122.000000	0.000000
RT.No1000	-179.000000	-160.000000	120.000000	0.000000
RT.No1001	-186.000000	-143.000000	116.000000	0.000000
RT.No1002	-193.000000	-126.000000	111.000000	0.000000
RT.No1003	-199.000000	-109.000000	104.000000	0.000000
RT.No1004	-205.000000	-93.000000	95.000000	0.000000
RT.No1005	-210.000000	-77.000000	86.000000	0.000000
RT.No1006	-213.000000	-62.000000	75.000000	0.000000
RT.No1007	-216.000000	-47.000000	63.000000	0.000000
RT.No1008	-217.000000	-34.000000	50.000000	0.000000
RT.No1009	-217.000000	-21.000000	37.000000	0.000000
RT.No1010	-217.000000	-11.000000	23.000000	0.000000
RT.No1011	-215.000000	-3.000000	8.000000	0.000000
RT.No1012	-214.000000	2.000000	-5.000000	0.000000
RT.No1013	-212.000000	6.000000	-21.000000	0.000000
RT.No1014	-209.000000	7.000000	-36.000000	0.000000
RT.No1015	-206.000000	6.000000	-51.000000	0.000000
RT.No1016	-203.000000	1.000000	-65.000000	0.000000
RT.No1017	-200.000000	-5.000000	-79.000000	0.000000
RT.No1018	-197.000000	-16.000000	-91.000000	0.000000
RT.No1019	-194.000000	-29.000000	-102.000000	0.000000
RT.No1020	-190.000000	-44.000000	-111.000000	0.000000
RT.No1021	-187.000000	-62.000000	-118.000000	0.000000
RT.No1022	-184.000000	-80.000000	-124.000000	0.000000
RT.No1023	-181.000000	-100.000000	-127.000000	0.000000
RT.No1024	-179.000000	-119.000000	-129.000000	0.000000
RT.No1025	-176.000000	-139.000000	-129.000000	0.000000
RT.No1026	-174.000000	-157.000000	-127.000000	0.000000
RT.No1027	-173.000000	-174.000000	-123.000000	0.000000
RT.No1028	-172.000000	-189.000000	-118.000000	0.000000
RT.No1029	-172.000000	-199.000000	-113.000000	0.000000
RT.No1030	-173.000000	-206.000000	-109.000000	0.000000
RT.No1031	-174.000000	-208.000000	-107.000000	0.000000
RT.No1032	-176.000000	-206.000000	-105.000000	0.000000
RT.No1033	-179.000000	-200.000000	-103.000000	0.000000
RT.No1034	-182.000000	-190.000000	-102.000000	0.000000
RT.No1035	-186.000000	-178.000000	-100.000000	0.000000
RT.No1036	-191.000000	-162.000000	-98.000000	0.000000
RT.No1037	-195.000000	-143.000000	-97.000000	0.000000
RT.No1038	-199.000000	-123.000000	-95.000000	0.000000
RT.No1039	-203.000000	-103.000000	-91.000000	0.000000
RT.No1040	-207.000000	-82.000000	-85.000000	0.000000
RT.No1041	-210.000000	-62.000000	-76.000000	0.000000
RT.No1042	-212.000000	-43.000000	-66.000000	0.000000
RT.No1043	-213.000000	-26.000000	-53.000000	0.000000
RT.No1044	-214.000000	-12.000000	-38.000000	0.000000
RT.No1045	-213.000000	0.000000	-22.000000	0.000000
RT.No1046	-212.000000	9.000000	-5.000000	0.000000
RT.No1047	-210.000000	15.000000	12.000000	0.000000
RT.No1048	-207.000000	18.000000	30.000000	0.000000
RT.No1049	-204.000000	18.000000	47.000000	0.000000
RT.No1050	-201.000000	15.000000	64.000000	0.000000
RT.No1051	-198.000000	7.000000	80.000000	0.000000
RT.No1052	-195.000000	-3.000000	94.000000	0.000000
RT.No1053	-192.000000	-17.000000	107.000000	0.000000
RT.No1054	-189.000000	-33.000000	118.000000	0.000000
RT.No1055	-186.000000	-50.000000	126.000000	0.000000
RT.No1056	-183.000000	-68.000000	131.000000	0.000000
RT.No1057	-181.000000	-87.000000	134.000000	0.000000
RT.No1058	-179.000000	-108.000000	134.000000	0.000000
RT.No1059	-176.000000	-130.000000	132.000000	0.000000
RT.No1060	-175.000000	-151.000000	127.000000	0.000000
RT.No1061	-174.000000	-169.000000	119.000000	0.000000
RT.No1062	-175.000000	-185.000000	108.000000	0.000000
RT.No1063	-176.000000	-198.000000	95.000000	0.000000
RT.No1064	-178.000000	-209.000000	80.000000	0.000000
RT.No1065	-180.000000	-218.000000	64.000000	0.000000
RT.No1066	-183.000000	-224.000000	47.000000	0.000000
RT.No1067	-185.000000	-226.000000	30.000000	0.000000
RT.No1068	-189.000000	-224.000000	13.000000	0.000000
RT.No1069	-193.000000	-218.000000	-3.000000	0.000000
RT.No1070	-196.000000	-211.000000	-18.000000	0.000000
RT.No1071	-199.000000	-201.000000	-31.000000	0.000000
RT.No1072	-201.000000	-190.000000	-43.000000	0.000000
RT.No1073	-203.000000	-179.000000	-53.000000	0.000000
RT.No1074	-204.000000	-166.000000	-61.000000	0.000000
RT.No1075	-205.000000	-151.000000	-68.000000	0.000000
RT.No1076	-207.000000	-135.000000	-72.000000	0.000000
RT.No1077	-207.000000	-118.000000	-75.000000	0.000000
RT.No1078	-208.000000	-102.000000	-76.000000	0.000000
RT.No1079	-208.000000	-85.000000	-76.000000	0.000000
RT.No1080	-207.000000	-68.000000	-73.000000	0.000000
RT.No1081	-207.000000	-51.000000	-69.000000	0.000000
RT.No1082	-206.000000	-34.000000	-63.000000	0.000000
RT.No1083	-204.000000	-19.000000	-55.000000	0.000000
RT.No1084	-203.000000	-4.000000	-45.000000	0.000000
RT.No1085	-201.000000	7.000000	-34.000000	0.000000
RT.No1086	-199.000000	18.000000	-22.000000	0.000000
RT.No1087	-196.000000	26.000000	-9.000000	0.000000
RT.No1088	-194.000000	33.000000	3.000000	0.000000
RT.No1089	-191.000000	38.000000	18.000000	0.000000
RT.No1090	-188.000000	40.000000	32.000000	0.000000
RT.No1091	-185.000000	41.000000	45.000000	0.000000
RT.No1092	-181.000000	41.000000	59.000000	0.000000
RT.No1093	-177.000000	40.000000	72.000000	0.000000
RT.No1094	-173.000000	38.000000	83.000000	0.000000
RT.No1095	-168.000000	35.000000	95.000000	0.000000
RT.No1096	-163.000000	30.000000	106.000000	0.000000
RT.No1097	-159.000000	24.000000	116.000000	0.000000
RT.No1098	-154.000000	16.000000	126.000000	0.000000
RT.No1099	-149.000000	8.000000	135.000000	0.000000
RT.No1100	-145.000000	0.000000	144.000000	0.000000
RT.No1101	-141.000000	-10.000000	151.000000	0.000000
RT.No1102	-138.000000	-17.000000	157.000000	0.000000
RT.No1103	-136.000000	-21.000000	160.000000	0.000000
RT.No1104	-137.000000	-23.000000	160.000000	0.000000
RT.No1105	-141.000000	-22.000000	154.000000	0.000000
RT.No1106	-146.000000	-18.000000	145.000000	0.000000
RT.No1107	-152.000000	-13.000000	131.000000	0.000000
RT.No1108	-158.000000	-6.000000	115.000000	0.000000
RT.No1109	-166.000000	0.000000	95.000000	0.000000
RT.No1110	-173.000000	7.000000	72.000000	0.000000
RT.No1111	-181.000000	11.000000	47.000000	0.000000
RT.No1112	-186.000000	11.000000	18.000000	0.000000
RT.No1113	-186.000000	6.000000	-14.000000	0.000000
RT.No1114	-174.000000	-2.000000	-49.000000	0.000000
RT.No1115	-150.000000	-16.000000	-81.000000	0.000000
RT.No1116	-120.000000	-34.000000	-108.000000	0.000000
RT.No1117	-88.000000	-54.000000	-131.000000	0.000000
RT.No1118	-52.000000	-76.000000	-150.000000	0.000000
RT.No1119	-14.000000	-97.000000	-165.000000	0.000000
RT.No1120	25.000000	-117.000000	-175.000000	0.000000
RT.No1121	68.000000	-134.000000	-179.000000	0.000000
RT.No1122	110.000000	-149.000000	-175.000000	0.000000
RT.No1123	148.000000	-164.000000	-162.000000	0.000000
RT.No1124	175.000000	-179.000000	-139.000000	0.000000
RT.No1125	191.000000	-192.000000	-115.000000	0.000000
RT.No1126	203.000000	-201.000000	-93.000000	0.000000
RT.No1127	213.000000	-207.000000	-73.000000	0.000000
RT.No1128	221.000000	-212.000000	-57.000000	0.000000
RT.No1129	226.000000	-216.000000	-46.000000	0.000000
RT.No1130	228.000000	-220.000000	-39.000000	0.000000
RT.No1131	228.000000	-224.000000	-37.000000	0.000000
RT.No1132	228.000000	-227.000000	-38.000000	0.000000
RT.No1133	227.000000	-225.000000	-45.000000	0.000000
RT.No1134	228.000000	-221.000000	-57.000000	0.000000
RT.No1135	229.000000	-215.000000	-71.000000	0.000000
RT.No1136	229.000000	-209.000000	-84.000000	0.000000
RT.No1137	228.000000	-206.000000	-97.000000	0.000000
RT.No1138	226.000000	-204.000000	-106.000000	0.000000
RT.No1139	226.000000	-201.000000	-112.000000	0.000000
RT.No1140	226.000000	-198.000000	-116.000000	0.000000
RT.No1141	226.000000	-196.000000	-119.000000	0.000000
RT.No1142	224.000000	-196.000000	-121.000000	0.000000
RT.No1143	223.000000	-199.000000	-120.000000	0.000000
RT.No1144	221.000000	-204.000000	-117.000000	0.000000
RT.No1145	221.000000	-210.000000	-110.000000	0.000000
RT.No1146	221.000000	-216.000000	-99.000000	0.000000
RT.No1147	222.000000	-218.000000	-86.000000	0.000000
RT.No1148	224.000000	-219.000000	-72.000000	0.000000
RT.No1149	225.000000	-216.000000	-57.000000	0.000000
RT.No1150	226.000000	-212.000000	-40.000000	0.000000
RT.No1151	228.000000	-204.000000	-22.000000	0.000000
RT.No1152	230.000000	-194.000000	-3.000000	0.000000
RT.No1153	232.000000	-181.000000	12.000000	0.000000
RT.No1154	233.000000	-166.000000	27.000000	0.000000
RT.No1155	234.000000	-148.000000	39.000000	0.000000
RT.No1156	234.000000	-128.000000	48.000000	0.000000
RT.No1157	233.000000	-108.000000	55.000000	0.000000
RT.No1158	231.000000	-87.000000	59.000000	0.000000
RT.No1159	229.000000	-69.000000	60.000000	0.000000
RT.No1160	227.000000	-52.000000	58.000000	0.000000
RT.No1161	225.000000	-36.000000	53.000000	0.000000
RT.No1162	223.000000	-22.000000	47.000000	0.000000
RT.No1163	221.000000	-9.000000	38.000000	0.000000
RT.No1164	219.000000	2.000000	29.000000	0.000000
RT.No1165	217.000000	12.000000	16.000000	0.000000
RT.No1166	215.000000	20.000000	3.000000	0.000000
RT.No1167	212.000000	27.000000	-11.000000	0.000000
RT.No1168	210.000000	30.000000	-27.000000	0.000000
RT.No1169	207.000000	32.000000	-44.000000	0.000000
RT.No1170	204.000000	32.000000	-62.000000	0.000000
RT.No1171	200.000000	31.000000	-78.000000	0.000000
RT.No1172	197.000000	29.000000	-93.000000	0.000000
RT.No1173	195.000000	26.000000	-105.000000	0.000000
RT.No1174	193.000000	24.000000	-115.000000	0.000000
RT.No1175	193.000000	22.000000	-121.000000	0.000000
RT.No1176	192.000000	20.000000	-125.000000	0.000000
RT.No1177	193.000000	19.000000	-125.000000	0.000000
RT.No1178	195.000000	19.000000	-122.000000	0.000000
RT.No1179	197.000000	20.000000	-115.000000	0.000000
RT.No1180	200.000000	23.000000	-104.000000	0.000000
RT.No1181	203.000000	26.000000	-92.000000	0.000000
RT.No1182	206.000000	29.000000	-78.000000	0.000000
RT.No1183	208.000000	31.000000	-62.000000	0.000000
RT.No1184	209.000000	32.000000	-45.000000	0.000000
RT.No1185	211.000000	31.000000	-28.000000	0.000000
RT.No1186	212.000000	26.000000	-11.000000	0.000000
RT.No1187	214.000000	19.000000	4.000000	0.000000
RT.No1188	215.000000	9.000000	19.000000	0.000000
RT.No1189	217.000000	-3.000000	33.000000	0.000000
RT.No1190	218.000000	-19.000000	46.000000	0.000000
RT.No1191	219.000000	-37.000000	57.000000	0.000000
RT.No1192	220.000000	-56.000000	66.000000	0.000000
RT.No1193	221.000000	-77.000000	71.000000	0.000000
RT.No1194	222.000000	-99.000000	75.000000	0.000000
RT.No1195	222.000000	-120.000000	75.000000	0.000000
RT.No1196	222.000000	-141.000000	73.000000	0.000000
RT.No1197	222.000000	-161.000000	69.000000	0.000000
RT.No1198	221.000000	-178.000000	64.000000	0.000000
RT.No1199	220.000000	-194.000000	57.000000	0.000000
RT.No1200	220.000000	-207.000000	48.000000	0.000000
RT.No1201	221.000000	-217.000000	38.000000	0.000000
RT.No1202	223.000000	-223.000000	27.000000	0.000000
RT.No1203	224.000000	-227.000000	14.000000	0.000000
RT.No1204	227.000000	-228.000000	1.000000	0.000000
RT.No1205	229.000000	-226.000000	-11.000000	0.000000
RT.No1206	231.000000	-221.000000	-25.000000	0.000000
RT.No1207	234.000000	-213.000000	-38.000000	0.000000
RT.No1208	236.000000	-203.000000	-50.000000	0.000000
RT.No1209	239.000000	-192.000000	-62.000000	0.000000
RT.No1210	240.000000	-180.000000	-75.000000	0.000000
RT.No1211	241.000000	-171.000000	-86.000000	0.000000
RT.No1212	240.000000	-162.000000	-95.000000	0.000000
RT.No1213	240.000000	-153.000000	-103.000000	0.000000
RT.No1214	239.000000	-144.000000	-110.000000	0.000000
RT.No1215	238.000000	-134.000000	-115.000000	0.000000
RT.No1216	237.000000	-125.000000	-118.000000	0.000000
RT.No1217	235.000000	-116.000000	-121.000000	0.000000
RT.No1218	233.000000	-106.000000	-123.000000	0.000000
RT.No1219	231.000000	-94.000000	-123.000000	0.000000
RT.No1220	230.000000	-81.000000	-122.000000	0.000000
RT.No1221	228.000000	-66.000000	-120.000000	0.000000
RT.No1222	225.000000	-50.000000	-116.000000	0.000000
RT.No1223	223.000000	-34.000000	-111.000000	0.000000
RT.No1224	221.000000	-18.000000	-103.000000	0.000000
RT.No1225	219.000000	-3.000000	-94.000000	0.000000
RT.No1226	216.000000	11.000000	-85.000000	0.000000
RT.No1227	213.000000	23.000000	-74.000000	0.000000
RT.No1228	211.000000	33.000000	-61.000000	0.000000
RT.No1229	208.000000	41.000000	-48.000000	0.000000
RT.No1230	206.000000	47.000000	-35.000000	0.000000
RT.No1231	204.000000	50.000000	-21.000000	0.000000
RT.No1232	203.000000	52.000000	-7.000000	0.000000
RT.No1233	201.000000	51.000000	6.000000	0.000000
RT.No1234	200.000000	49.000000	18.000000	0.000000
RT.No1235	200.000000	44.000000	30.000000	0.000000
RT.No1236	199.000000	38.000000	42.000000	0.000000
RT.No1237	200.000000	30.000000	52.000000	0.000000
RT.No1238	201.000000	21.000000	61.000000	0.000000
RT.No1239	203.000000	11.000000	69.000000	0.000000
RT.No1240	204.000000	0.000000	75.000000	0.000000
RT.No1241	207.000000	-11.000000	79.000000	0.000000
RT.No1242	210.000000	-22.000000	83.000000	0.000000
RT.No1243	212.000000	-34.000000	85.000000	0.000000
RT.No1244	215.000000	-45.000000	86.000000	0.000000
RT.No1245	218.000000	-57.000000	86.000000	0.000000
RT.No1246	221.000000	-68.000000	84.000000	0.000000
RT.No1247	224.000000	-79.000000	82.000000	0.000000
RT.No1248	227.000000	-90.000000	79.000000	0.000000
RT.No1249	229.000000	-102.000000	74.000000	0.000000
RT.No1250	232.000000	-114.000000	69.000000	0.000000
RT.No1251	233.000000	-126.000000	65.000000	0.000000
RT.No1252	234.000000	-139.000000	60.000000	0.000000
RT.No1253	234.000000	-152.000000	55.000000	0.000000
RT.No1254	235.000000	-165.000000	49.000000	0.000000
RT.No1255	234.000000	-178.000000	43.000000	0.000000
RT.No1256	234.000000	-189.000000	37.000000	0.000000
RT.No1257	234.000000	-199.000000	30.000000	0.000000
RT.No1258	234.000000	-207.000000	23.000000	0.000000
RT.No1259	233.000000	-213.000000	16.000000	0.000000
RT.No1260	233.000000	-218.000000	8.000000	0.000000
RT.No1261	233.000000	-222.000000	0.000000	0.000000
RT.No1262	233.000000	-224.000000	-8.000000	0.000000
RT.No1263	234.000000	-225.000000	-16.000000	0.000000
RT.No1264	235.000000	-224.000000	-23.000000	0.000000
RT.No1265	236.000000	-224.000000	-29.000000	0.000000
RT.No1266	237.000000	-223.000000	-33.000000	0.000000
RT.No1267	237.000000	-223.000000	-34.000000	0.000000
RT.No1268	237.000000	-221.000000	-33.000000	0.000000
RT.No1269	237.000000	-220.000000	-29.000000	0.000000
RT.No1270	237.000000	-217.000000	-23.000000	0.000000
RT.No1271	237.000000	-214.000000	-14.000000	0.000000
RT.No1272	236.000000	-208.000000	-3.000000	0.000000
RT.No1273	235.000000	-201.000000	8.000000	0.000000
RT.No1274	234.000000	-192.000000	21.000000	0.000000
RT.No1275	233.000000	-180.000000	33.000000	0.000000
RT.No1276	232.000000	-165.000000	44.000000	0.000000
RT.No1277	231.000000	-149.000000	54.000000	0.000000
RT.No1278	229.000000	-131.000000	61.000000	0.000000
RT.No1279	228.000000	-111.000000	65.000000	0.000000
RT.No1280	227.000000	-90.000000	66.000000	0.000000
RT.No1281	226.000000	-69.000000	63.000000	0.000000
RT.No1282	225.000000	-49.000000	56.000000	0.000000
RT.No1283	223.000000	-31.000000	47.000000	0.000000
RT.No1284	222.000000	-14.000000	35.000000	0.000000
RT.No1285	220.000000	0.000000	22.000000	0.000000
RT.No1286	218.000000	12.000000	7.000000	0.000000
RT.No1287	216.000000	22.000000	-8.000000	0.000000
RT.No1288	214.000000	29.000000	-24.000000	0.000000
RT.No1289	212.000000	33.000000	-40.000000	0.000000
RT.No1290	210.000000	35.000000	-55.000000	0.000000
RT.No1291	208.000000	34.000000	-69.000000	0.000000
RT.No1292	206.000000	31.000000	-83.000000	0.000000
RT.No1293	204.000000	27.000000	-95.000000	0.000000
RT.No1294	202.000000	22.000000	-106.000000	0.000000
RT.No1295	201.000000	15.000000	-116.000000	0.000000
RT.No1296	200.000000	7.000000	-125.000000	0.000000
RT.No1297	199.000000	-1.000000	-134.000000	0.000000
RT.No1298	198.000000	-10.000000	-142.000000	0.000000
RT.No1299	197.000000	-22.000000	-149.000000	0.000000
RT.No1300	195.000000	-35.000000	-157.000000	0.000000
RT.No1301	193.000000	-51.000000	-163.000000	0.000000
RT.No1302	190.000000	-69.000000	-168.000000	0.000000
RT.No1303	187.000000	-88.000000	-172.000000	0.000000
RT.No1304	184.000000	-110.000000	-174.000000	0.000000
RT.No1305	181.000000	-131.000000	-175.000000	0.000000
RT.No1306	178.000000	-154.000000	-173.000000	0.000000
RT.No1307	177.000000	-175.000000	-169.000000	0.000000
RT.No1308	176.000000	-196.000000	-162.000000	0.000000
RT.No1309	177.000000	-215.000000	-154.000000	0.000000
RT.No1310	178.000000	-230.000000	-145.000000	0.000000
RT.No1311	181.000000	-240.000000	-135.000000	0.000000
RT.No1312	185.000000	-247.000000	-126.000000	0.000000
RT.No1313	189.000000	-252.000000	-116.000000	0.000000
RT.No1314	194.000000	-255.000000	-106.000000	0.000000
RT.No1315	197.000000	-259.000000	-95.000000	0.000000
RT.No1316	197.000000	-264.000000	-86.000000	0.000000
RT.No1317	194.000000	-271.000000	-77.000000	0.000000
RT.No1318	189.000000	-278.000000	-72.000000	0.000000
RT.No1319	179.000000	-287.000000	-69.000000	0.000000
RT.No1320	164.000000	-296.000000	-70.000000	0.000000
RT.No1321	145.000000	-303.000000	-74.000000	0.000000
RT.No1322	122.000000	-308.000000	-81.000000	0.000000
RT.No1323	99.000000	-310.000000	-92.000000	0.000000
RT.No1324	75.000000	-305.000000	-107.000000	0.000000
RT.No1325	54.000000	-294.000000	-124.000000	0.000000
RT.No1326	32.000000	-277.000000	-142.000000	0.000000
RT.No1327	13.000000	-257.000000	-161.000000	0.000000
RT.No1328	-3.000000	-238.000000	-179.000000	0.000000
RT.No1329	-14.000000	-220.000000	-194.000000	0.000000
RT.No1330	-20.000000	-204.000000	-206.000000	0.000000
RT.No1331	-18.000000	-192.000000	-214.000000	0.000000
RT.No1332	-10.000000	-184.000000	-219.000000	0.000000
RT.No1333	2.000000	-180.000000	-220.000000	0.000000
RT.No1334	20.000000	-180.000000	-216.000000	0.000000
RT.No1335	39.000000	-184.000000	-209.000000	0.000000
RT.No1336	63.000000	-190.000000	-201.000000	0.000000
RT.No1337	88.000000	-197.000000	-191.000000	0.000000
RT.No1338	112.000000	-201.000000	-181.000000	0.000000
RT.No1339	137.000000	-202.000000	-168.000000	0.000000
RT.No1340	160.000000	-203.000000	-156.000000	0.000000
RT.No1341	179.000000	-203.000000	-144.000000	0.000000
RT.No1342	194.000000	-204.000000	-131.000000	0.000000
RT.No1343	204.000000	-207.000000	-118.000000	0.000000
RT.No1344	208.000000	-213.000000	-109.000000	0.000000
RT.No1345	207.000000	-221.000000	-102.000000	0.000000
RT.No1346	203.000000	-231.000000	-97.000000	0.000000
RT.No1347	196.000000	-241.000000	-95.000000	0.000000
RT.No1348	187.000000	-252.000000	-95.000000	0.000000
RT.No1349	171.000000	-262.000000	-101.000000	0.000000
RT.No1350	151.000000	-268.000000	-110.000000	0.000000
RT.No1351	126.000000	-269.000000	-121.000000	0.000000
RT.No1352	97.000000	-266.000000	-132.000000	0.000000
RT.No1353	66.000000	-258.000000	-145.000000	0.000000
RT.No1354	38.000000	-244.000000	-157.000000	0.000000
RT.No1355	13.000000	-224.000000	-169.000000	0.000000
RT.No1356	-8.000000	-200.000000	-180.000000	0.000000
RT.No1357	-29.000000	-173.000000	-190.000000	0.000000
RT.No1358	-49.000000	-145.000000	-197.000000	0.000000
RT.No1359	-63.000000	-116.000000	-201.000000	0.000000
RT.No1360	-69.000000	-90.000000	-203.000000	0.000000
RT.No1361	-64.000000	-66.000000	-204.000000	0.000000
RT.No1362	-51.000000	-45.000000	-205.000000	0.000000
RT.No1363	-33.000000	-26.000000	-205.000000	0.000000
RT.No1364	-13.000000	-12.000000	-204.000000	0.000000
RT.No1365	9.000000	-2.000000	-201.000000	0.000000
RT.No1366	36.000000	1.000000	-195.000000	0.000000
RT.No1367	65.000000	0.000000	-189.000000	0.000000
RT.No1368	96.000000	-8.000000	-180.000000	0.000000
RT.No1369	127.000000	-23.000000	-169.000000	0.000000
RT.No1370	155.000000	-41.000000	-158.000000	0.000000
RT.No1371	177.000000	-63.000000	-142.000000	0.000000
RT.No1372	194.000000	-88.000000	-126.000000	0.000000
RT.No1373	206.000000	-116.000000	-108.000000	0.000000
RT.No1374	214.000000	-145.000000	-89.000000	0.000000
RT.No1375	217.000000	-174.000000	-70.000000	0.000000
RT.No1376	216.000000	-201.000000	-56.000000	0.000000
RT.No1377	212.000000	-226.000000	-45.000000	0.000000
RT.No1378	207.000000	-243.000000	-40.000000	0.000000
RT.No1379	204.000000	-254.000000	-38.000000	0.000000
RT.No1380	202.000000	-258.000000	-37.000000	0.000000
RT.No1381	201.000000	-255.000000	-40.000000	0.000000
RT.No1382	203.000000	-244.000000	-45.000000	0.000000
RT.No1383	207.000000	-225.000000	-50.000000	0.000000
RT.No1384	212.000000	-202.000000	-55.000000	0.000000
RT.No1385	218.000000	-177.000000	-57.000000	0.000000
RT.No1386	224.000000	-151.000000	-56.000000	0.000000
RT.No1387	231.000000	-125.000000	-56.000000	0.000000
RT.No1388	235.000000	-103.000000	-61.000000	0.000000
RT.No1389	228.000000	-85.000000	-75.000000	0.000000
RT.No1390	217.000000	-71.000000	-88.000000	0.000000
RT.No1391	210.000000	-69.000000	-99.000000	0.000000
RT.No1392	199.000000	-76.000000	-109.000000	0.000000
RT.No1393	190.000000	-89.000000	-119.000000	0.000000
RT.No1394	180.000000	-106.000000	-133.000000	0.000000
RT.No1395	166.000000	-122.000000	-152.000000	0.000000
RT.No1396	148.000000	-136.000000	-174.000000	0.000000
RT.No1397	125.000000	-146.000000	-194.000000	0.000000
RT.No1398	102.000000	-150.000000	-206.000000	0.000000
RT.No1399	90.000000	-149.000000	-208.000000	0.000000
RT.No1400	80.000000	-147.000000	-209.000000	0.000000
RT.No1401	73.000000	-139.000000	-212.000000	0.000000
RT.No1402	68.000000	-127.000000	-215.000000	0.000000
RT.No1403	67.000000	-113.000000	-216.000000	0.000000
RT.No1404	73.000000	-102.000000	-214.000000	0.000000
RT.No1405	84.000000	-95.000000	-205.000000	0.000000
RT.No1406	101.000000	-96.000000	-193.000000	0.000000
RT.No1407	120.000000	-105.000000	-179.000000	0.000000
RT.No1408	141.000000	-121.000000	-165.000000	0.000000
RT.No1409	157.000000	-142.000000	-151.000000	0.000000
RT.No1410	174.000000	-165.000000	-136.000000	0.000000
RT.No1411	182.000000	-188.000000	-122.000000	0.000000
RT.No1412	189.000000	-211.000000	-109.000000	0.000000
RT.No1413	190.000000	-235.000000	-98.000000	0.000000
RT.No1414	186.000000	-258.000000	-91.000000	0.000000
RT.No1415	177.000000	-276.000000	-89.000000	0.000000
RT.No1416	167.000000	-289.000000	-90.000000	0.000000
RT.No1417	158.000000	-296.000000	-95.000000	0.000000
RT.No1418	148.000000	-297.000000	-105.000000	0.000000
RT.No1419	144.000000	-288.000000	-116.000000	0.000000
RT.No1420	140.000000	-267.000000	-130.000000	0.000000
RT.No1421	135.000000	-238.000000	-141.000000	0.000000
RT.No1422	128.000000	-203.000000	-151.000000	0.000000
RT.No1423	120.000000	-166.000000	-161.000000	0.000000
RT.No1424	114.000000	-131.000000	-171.000000	0.000000
RT.No1425	110.000000	-98.000000	-180.000000	0.000000
RT.No1426	111.000000	-69.000000	-188.000000	0.000000
RT.No1427	114.000000	-45.000000	-192.000000	0.000000
RT.No1428	122.000000	-28.000000	-190.000000	0.000000
RT.No1429	130.000000	-22.000000	-183.000000	0.000000
RT.No1430	139.000000	-28.000000	-171.000000	0.000000
RT.No1431	150.000000	-45.000000	-158.000000	0.000000
RT.No1432	163.000000	-69.000000	-145.000000	0.000000
RT.No1433	178.000000	-99.000000	-130.000000	0.000000
RT.No1434	190.000000	-130.000000	-113.000000	0.000000
RT.No1435	196.000000	-163.000000	-95.000000	0.000000
RT.No1436	196.000000	-195.000000	-76.000000	0.000000
RT.No1437	187.000000	-227.000000	-59.000000	0.000000
RT.No1438	169.000000	-254.000000	-48.000000	0.000000
RT.No1439	146.000000	-275.000000	-47.000000	0.000000
RT.No1440	121.000000	-288.000000	-55.000000	0.000000
RT.No1441	98.000000	-293.000000	-69.000000	0.000000
RT.No1442	78.000000	-287.000000	-88.000000	0.000000
RT.No1443	65.000000	-267.000000	-107.000000	0.000000
RT.No1444	54.000000	-238.000000	-126.000000	0.000000
RT.No1445	46.000000	-202.000000	-144.000000	0.000000
RT.No1446	42.000000	-162.000000	-162.000000	0.000000
RT.No1447	43.000000	-121.000000	-179.000000	0.000000
RT.No1448	50.000000	-82.000000	-193.000000	0.000000
RT.No1449	60.000000	-49.000000	-202.000000	0.000000
RT.No1450	73.000000	-24.000000	-206.000000	0.000000
RT.No1451	85.000000	-8.000000	-205.000000	0.000000
RT.No1452	96.000000	-3.000000	-201.000000	0.000000
RT.No1453	105.000000	-10.000000	-195.000000	0.000000
RT.No1454	117.000000	-26.000000	-188.000000	0.000000
RT.No1455	129.000000	-50.000000	-181.000000	0.000000
RT.No1456	140.000000	-79.000000	-173.000000	0.000000
RT.No1457	151.000000	-111.000000	-163.000000	0.000000
RT.No1458	158.000000	-145.000000	-151.000000	0.000000
RT.No1459	161.000000	-178.000000	-139.000000	0.000000
RT.No1460	160.000000	-207.000000	-129.000000	0.000000
RT.No1461	157.000000	-231.000000	-123.000000	0.000000
RT.No1462	152.000000	-248.000000	-122.000000	0.000000
RT.No1463	148.000000	-254.000000	-126.000000	0.000000
RT.No1464	146.000000	-249.000000	-131.000000	0.000000
RT.No1465	144.000000	-230.000000	-134.000000	0.000000
RT.No1466	142.000000	-200.000000	-136.000000	0.000000
RT.No1467	138.000000	-160.000000	-133.000000	0.000000
RT.No1468	132.000000	-113.000000	-130.000000	0.000000
RT.No1469	123.000000	-65.000000	-127.000000	0.000000
RT.No1470	111.000000	-17.000000	-124.000000	0.000000
RT.No1471	97.000000	25.000000	-120.000000	0.000000
RT.No1472	84.000000	63.000000	-114.000000	0.000000
RT.No1473	72.000000	93.000000	-109.000000	0.000000
RT.No1474	64.000000	110.000000	-107.000000	0.000000
RT.No1475	58.000000	114.000000	-109.000000	0.000000
RT.No1476	60.000000	105.000000	-113.000000	0.000000
RT.No1477	70.000000	86.000000	-119.000000	0.000000
RT.No1478	86.000000	60.000000	-124.000000	0.000000
RT.No1479	109.000000	29.000000	-124.000000	0.000000
RT.No1480	136.000000	-3.000000	-117.000000	0.000000
RT.No1481	164.000000	-37.000000	-105.000000	0.000000
RT.No1482	191.000000	-70.000000	-92.000000	0.000000
RT.No1483	213.000000	-99.000000	-78.000000	0.000000
RT.No1484	229.000000	-121.000000	-61.000000	0.000000
RT.No1485	241.000000	-136.000000	-47.000000	0.000000
RT.No1486	245.000000	-137.000000	-33.000000	0.000000
RT.No1487	244.000000	-127.000000	-22.000000	0.000000
RT.No1488	237.000000	-109.000000	-13.000000	0.000000
RT.No1489	227.000000	-83.000000	-11.000000	0.000000
RT.No1490	215.000000	-53.000000	-16.000000	0.000000
RT.No1491	205.000000	-22.000000	-25.000000	0.000000
RT.No1492	197.000000	5.000000	-37.000000	0.000000
RT.No1493	191.000000	28.000000	-48.000000	0.000000
RT.No1494	186.000000	44.000000	-60.000000	0.000000
RT.No1495	184.000000	51.000000	-69.000000	0.000000
RT.No1496	183.000000	48.000000	-79.000000	0.000000
RT.No1497	185.000000	34.000000	-90.000000	0.000000
RT.No1498	191.000000	12.000000	-101.000000	0.000000
RT.No1499	200.000000	-14.000000	-110.000000	0.000000
RT.No1500	208.000000	-43.000000	-118.000000	0.000000
RT.No1501	216.000000	-71.000000	-124.000000	0.000000
RT.No1502	223.000000	-92.000000	-126.000000	0.000000
RT.No1503	227.000000	-111.000000	-128.000000	0.000000
RT.No1504	229.000000	-126.000000	-129.000000	0.000000
RT.No1505	229.000000	-139.000000	-128.000000	0.000000
RT.No1506	227.000000	-151.000000	-128.000000	0.000000
RT.No1507	223.000000	-158.000000	-130.000000	0.000000
RT.No1508	217.000000	-160.000000	-137.000000	0.000000
RT.No1509	212.000000	-153.000000	-142.000000	0.000000
RT.No1510	211.000000	-140.000000	-142.000000	0.000000
RT.No1511	209.000000	-123.000000	-140.000000	0.000000
RT.No1512	205.000000	-104.000000	-137.000000	0.000000
RT.No1513	198.000000	-83.000000	-134.000000	0.000000
RT.No1514	186.000000	-58.000000	-132.000000	0.000000
RT.No1515	172.000000	-30.000000	-130.000000	0.000000
RT.No1516	159.000000	-1.000000	-132.000000	0.000000
RT.No1517	152.000000	25.000000	-131.000000	0.000000
RT.No1518	152.000000	46.000000	-123.000000	0.000000
RT.No1519	156.000000	58.000000	-108.000000	0.000000
RT.No1520	159.000000	59.000000	-87.000000	0.000000
RT.No1521	160.000000	50.000000	-63.000000	0.000000
RT.No1522	156.000000	33.000000	-35.000000	0.000000
RT.No1523	148.000000	10.000000	-4.000000	0.000000
RT.No1524	138.000000	-18.000000	25.000000	0.000000
RT.No1525	127.000000	-50.000000	55.000000	0.000000
RT.No1526	112.000000	-82.000000	87.000000	0.000000
RT.No1527	91.000000	-113.000000	117.000000	0.000000
RT.No1528	63.000000	-142.000000	143.000000	0.000000
RT.No1529	30.000000	-166.000000	161.000000	0.000000
RT.No1530	-1.000000	-182.000000	173.000000	0.000000
RT.No1531	-28.000000	-188.000000	181.000000	0.000000
RT.No1532	-44.000000	-183.000000	185.000000	0.000000
RT.No1533	-52.000000	-167.000000	184.000000	0.000000
RT.No1534	-53.000000	-144.000000	179.000000	0.000000
RT.No1535	-46.000000	-115.000000	173.000000	0.000000
RT.No1536	-33.000000	-82.000000	164.000000	0.000000
RT.No1537	-12.000000	-48.000000	152.000000	0.000000
RT.No1538	12.000000	-14.000000	133.000000	0.000000
RT.No1539	38.000000	14.000000	107.000000	0.000000
RT.No1540	61.000000	38.000000	74.000000	0.000000
RT.No1541	82.000000	50.000000	35.000000	0.000000
RT.No1542	102.000000	51.000000	-4.000000	0.000000
RT.No1543	121.000000	37.000000	-43.000000	0.000000
RT.No1544	139.000000	14.000000	-76.000000	0.000000
RT.No1545	154.000000	-16.000000	-104.000000	0.000000
RT.No1546	164.000000	-54.000000	-126.000000	0.000000
RT.No1547	167.000000	-95.000000	-141.000000	0.000000
RT.No1548	165.000000	-139.000000	-148.000000	0.000000
RT.No1549	159.000000	-180.000000	-147.000000	0.000000
RT.No1550	150.000000	-217.000000	-143.000000	0.000000
RT.No1551	140.000000	-247.000000	-136.000000	0.000000
RT.No1552	129.000000	-271.000000	-130.000000	0.000000
RT.No1553	116.000000	-286.000000	-129.000000	0.000000
RT.No1554	103.000000	-292.000000	-131.000000	0.000000
RT.No1555	93.000000	-289.000000	-138.000000	0.000000
RT.No1556	86.000000	-276.000000	-147.000000	0.000000
RT.No1557	85.000000	-256.000000	-157.000000	0.000000
RT.No1558	89.000000	-232.000000	-167.000000	0.000000
RT.No1559	97.000000	-205.000000	-175.000000	0.000000
RT.No1560	108.000000	-178.000000	-182.000000	0.000000
RT.No1561	121.000000	-152.000000	-187.000000	0.000000
RT.No1562	138.000000	-130.000000	-187.000000	0.000000
RT.No1563	156.000000	-112.000000	-181.000000	0.000000
RT.No1564	174.000000	-101.000000	-170.000000	0.000000
RT.No1565	189.000000	-99.000000	-156.000000	0.000000
RT.No1566	202.000000	-105.000000	-141.000000	0.000000
RT.No1567	210.000000	-118.000000	-127.000000	0.000000
RT.No1568	213.000000	-137.000000	-115.000000	0.000000
RT.No1569	215.000000	-159.000000	-104.000000	0.000000
RT.No1570	212.000000	-184.000000	-95.000000	0.000000
RT.No1571	204.000000	-209.000000	-88.000000	0.000000
RT.No1572	190.000000	-232.000000	-85.000000	0.000000
RT.No1573	170.000000	-252.000000	-89.000000	0.000000
RT.No1574	145.000000	-267.000000	-97.000000	0.000000
RT.No1575	119.000000	-276.000000	-109.000000	0.000000
RT.No1576	92.000000	-277.000000	-122.000000	0.000000
RT.No1577	66.000000	-268.000000	-137.000000	0.000000
RT.No1578	44.000000	-249.000000	-153.000000	0.000000
RT.No1579	23.000000	-225.000000	-167.000000	0.000000
RT.No1580	5.000000	-200.000000	-181.000000	0.000000
RT.No1581	-5.000000	-177.000000	-195.000000	0.000000
RT.No1582	-9.000000	-159.000000	-207.000000	0.000000
RT.No1583	-6.000000	-146.000000	-214.000000	0.000000
RT.No1584	4.000000	-139.000000	-217.000000	0.000000
RT.No1585	18.000000	-136.000000	-218.000000	0.000000
RT.No1586	35.000000	-137.000000	-215.000000	0.000000
RT.No1587	54.000000	-144.000000	-211.000000	0.000000
RT.No1588	72.000000	-157.000000	-207.000000	0.000000
RT.No1589	92.000000	-171.000000	-204.000000	0.000000
RT.No1590	110.000000	-183.000000	-201.000000	0.000000
RT.No1591	125.000000	-188.000000	-199.000000	0.000000
RT.No1592	135.000000	-187.000000	-197.000000	0.000000
RT.No1593	140.000000	-179.000000	-197.000000	0.000000
RT.No1594	140.000000	-166.000000	-200.000000	0.000000
RT.No1595	136.000000	-145.000000	-202.000000	0.000000
RT.No1596	128.000000	-118.000000	-203.000000	0.000000
RT.No1597	117.000000	-88.000000	-202.000000	0.000000
RT.No1598	102.000000	-57.000000	-198.000000	0.000000
RT.No1599	84.000000	-27.000000	-192.000000	0.000000
RT.No1600	62.000000	0.000000	-185.000000	0.000000
RT.No1601	39.000000	24.000000	-177.000000	0.000000
RT.No1602	16.000000	45.000000	-169.000000	0.000000
RT.No1603	-6.000000	61.000000	-161.000000	0.000000
RT.No1604	-26.000000	71.000000	-154.000000	0.000000
RT.No1605	-43.000000	70.000000	-152.000000	0.000000
RT.No1606	-53.000000	60.000000	-155.000000	0.000000
RT.No1607	-58.000000	43.000000	-161.000000	0.000000
RT.No1608	-54.000000	16.000000	-170.000000	0.000000
RT.No1609	-44.000000	-19.000000	-177.000000	0.000000
RT.No1610	-30.000000	-60.000000	-181.000000	0.000000
RT.No1611	-17.000000	-102.000000	-182.000000	0.000000
RT.No1612	-5.000000	-144.000000	-182.000000	0.000000
RT.No1613	3.000000	-181.000000	-183.000000	0.000000
RT.No1614	10.000000	-214.000000	-183.000000	0.000000
RT.No1615	15.000000	-240.000000	-180.000000	0.000000
RT.No1616	15.000000	-260.000000	-177.000000	0.000000
RT.No1617	12.000000	-275.000000	-175.000000	0.000000
RT.No1618	7.000000	-279.000000	-173.000000	0.000000
RT.No1619	2.000000	-274.000000	-176.000000	0.000000
RT.No1620	2.000000	-261.000000	-182.000000	0.000000
RT.No1621	8.000000	-246.000000	-190.000000	0.000000
RT.No1622	23.000000	-229.000000	-195.000000	0.000000
RT.No1623	44.000000	-214.000000	-195.000000	0.000000
RT.No1624	69.000000	-200.000000	-191.000000	0.000000
RT.No1625	97.000000	-188.000000	-184.000000	0.000000
RT.No1626	126.000000	-179.000000	-171.000000	0.000000
RT.No1627	154.000000	-174.000000	-153.000000	0.000000
RT.No1628	177.000000	-177.000000	-128.000000	0.000000
RT.No1629	191.000000	-185.000000	-98.000000	0.000000
RT.No1630	196.000000	-197.000000	-65.000000	0.000000
RT.No1631	191.000000	-211.000000	-34.000000	0.000000
RT.No1632	179.000000	-228.000000	-7.000000	0.000000
RT.No1633	165.000000	-246.000000	13.000000	0.000000
RT.No1634	148.000000	-265.000000	30.000000	0.000000
RT.No1635	129.000000	-284.000000	46.000000	0.000000
RT.No1636	107.000000	-300.000000	62.000000	0.000000
RT.No1637	84.000000	-313.000000	77.000000	0.000000
RT.No1638	63.000000	-320.000000	86.000000	0.000000
RT.No1639	47.000000	-322.000000	92.000000	0.000000
RT.No1640	37.000000	-321.000000	97.000000	0.000000
RT.No1641	35.000000	-315.000000	102.000000	0.000000
RT.No1642	39.000000	-305.000000	111.000000	0.000000
RT.No1643	48.000000	-287.000000	122.000000	0.000000
RT.No1644	59.000000	-262.000000	133.000000	0.000000
RT.No1645	72.000000	-231.000000	138.000000	0.000000
RT.No1646	86.000000	-194.000000	139.000000	0.000000
RT.No1647	102.000000	-158.000000	136.000000	0.000000
RT.No1648	118.000000	-121.000000	130.000000	0.000000
RT.No1649	134.000000	-85.000000	122.000000	0.000000
RT.No1650	149.000000	-49.000000	109.000000	0.000000
RT.No1651	160.000000	-13.000000	94.000000	0.000000
RT.No1652	164.000000	21.000000	78.000000	0.000000
RT.No1653	161.000000	51.000000	61.000000	0.000000
RT.No1654	154.000000	75.000000	43.000000	0.000000
RT.No1655	143.000000	91.000000	27.000000	0.000000
RT.No1656	135.000000	102.000000	12.000000	0.000000
RT.No1657	129.000000	109.000000	-2.000000	0.000000
RT.No1658	129.000000	112.000000	-12.000000	0.000000
RT.No1659	132.000000	111.000000	-19.000000	0.000000
RT.No1660	138.000000	102.000000	-21.000000	0.000000
RT.No1661	148.000000	84.000000	-22.000000	0.000000
RT.No1662	160.000000	60.000000	-21.000000	0.000000
RT.No1663	174.000000	32.000000	-20.000000	0.000000
RT.No1664	190.000000	3.000000	-20.000000	0.000000
RT.No1665	207.000000	-26.000000	-22.000000	0.000000
RT.No1666	222.000000	-54.000000	-27.000000	0.000000
RT.No1667	234.000000	-78.000000	-34.000000	0.000000
RT.No1668	239.000000	-97.000000	-46.000000	0.000000
RT.No1669	234.000000	-105.000000	-63.000000	0.000000
RT.No1670	221.000000	-102.000000	-83.000000	0.000000
RT.No1671	201.000000	-88.000000	-103.000000	0.000000
RT.No1672	180.000000	-70.000000	-123.000000	0.000000
RT.No1673	156.000000	-50.000000	-142.000000	0.000000
RT.No1674	131.000000	-31.000000	-159.000000	0.000000
RT.No1675	104.000000	-11.000000	-174.000000	0.000000
RT.No1676	78.000000	6.000000	-182.000000	0.000000
RT.No1677	53.000000	23.000000	-189.000000	0.000000
RT.No1678	31.000000	38.000000	-192.000000	0.000000
RT.No1679	15.000000	48.000000	-191.000000	0.000000
RT.No1680	6.000000	54.000000	-189.000000	0.000000
RT.No1681	4.000000	58.000000	-186.000000	0.000000
RT.No1682	5.000000	64.000000	-180.000000	0.000000
RT.No1683	8.000000	74.000000	-170.000000	0.000000
RT.No1684	11.000000	85.000000	-154.000000	0.000000
RT.No1685	13.000000	97.000000	-135.000000	0.000000
RT.No1686	14.000000	109.000000	-118.000000	0.000000
RT.No1687	13.000000	120.000000	-103.000000	0.000000
RT.No1688	12.000000	128.000000	-93.000000	0.000000
RT.No1689	13.000000	133.000000	-85.000000	0.000000
RT.No1690	19.000000	137.000000	-79.000000	0.000000
RT.No1691	30.000000	136.000000	-73.000000	0.000000
RT.No1692	45.000000	130.000000	-68.000000	0.000000
RT.No1693	64.000000	118.000000	-65.000000	0.000000
RT.No1694	85.000000	101.000000	-63.000000	0.000000
RT.No1695	109.000000	81.000000	-63.000000	0.000000
RT.No1696	135.000000	57.000000	-60.000000	0.000000
RT.No1697	162.000000	34.000000	-50.000000	0.000000
RT.No1698	188.000000	14.000000	-36.000000	0.000000
RT.No1699	210.000000	-2.000000	-21.000000	0.000000
RT.No1700	225.000000	-12.000000	-7.000000	0.000000
RT.No1701	230.000000	-16.000000	2.000000	0.000000
RT.No1702	227.000000	-13.000000	11.000000	0.000000
RT.No1703	220.000000	-5.000000	17.000000	0.000000
RT.No1704	210.000000	7.000000	20.000000	0.000000
RT.No1705	202.000000	20.000000	20.000000	0.000000
RT.No1706	197.000000	33.000000	19.000000	0.000000
RT.No1707	193.000000	42.000000	22.000000	0.000000
RT.No1708	185.000000	44.000000	32.000000	0.000000
RT.No1709	174.000000	38.000000	46.000000	0.000000
RT.No1710	163.000000	22.000000	63.000000	0.000000
RT.No1711	147.000000	-1.000000	82.000000	0.000000
RT.No1712	131.000000	-33.000000	99.000000	0.000000
RT.No1713	118.000000	-68.000000	115.000000	0.000000
RT.No1714	111.000000	-105.000000	131.000000	0.000000
RT.No1715	105.000000	-141.000000	145.000000	0.000000
RT.No1716	103.000000	-169.000000	154.000000	0.000000
RT.No1717	105.000000	-189.000000	154.000000	0.000000
RT.No1718	113.000000	-200.000000	142.000000	0.000000
RT.No1719	127.000000	-201.000000	123.000000	0.000000
RT.No1720	140.000000	-191.000000	100.000000	0.000000
RT.No1721	159.000000	-174.000000	75.000000	0.000000
RT.No1722	180.000000	-149.000000	54.000000	0.000000
RT.No1723	199.000000	-121.000000	38.000000	0.000000
RT.No1724	212.000000	-90.000000	27.000000	0.000000
RT.No1725	222.000000	-62.000000	16.000000	0.000000
RT.No1726	227.000000	-38.000000	7.000000	0.000000
RT.No1727	230.000000	-22.000000	0.000000	0.000000
RT.No1728	231.000000	-15.000000	-3.000000	0.000000
RT.No1729	231.000000	-19.000000	-3.000000	0.000000
RT.No1730	230.000000	-35.000000	0.000000	0.000000
RT.No1731	230.000000	-58.000000	7.000000	0.000000
RT.No1732	228.000000	-87.000000	12.000000	0.000000
RT.No1733	226.000000	-119.000000	12.000000	0.000000
RT.No1734	223.000000	-153.000000	8.000000	0.000000
RT.No1735	220.000000	-186.000000	5.000000	0.000000
RT.No1736	216.000000	-217.000000	1.000000	0.000000
RT.No1737	212.000000	-241.000000	-1.000000	0.000000
RT.No1738	209.000000	-258.000000	-4.000000	0.000000
RT.No1739	206.000000	-265.000000	-8.000000	0.000000
RT.No1740	207.000000	-263.000000	-14.000000	0.000000
RT.No1741	209.000000	-253.000000	-23.000000	0.000000
RT.No1742	213.000000	-234.000000	-33.000000	0.000000
RT.No1743	218.000000	-209.000000	-43.000000	0.000000
RT.No1744	222.000000	-181.000000	-54.000000	0.000000
RT.No1745	227.000000	-154.000000	-65.000000	0.000000
RT.No1746	231.000000	-130.000000	-76.000000	0.000000
RT.No1747	232.000000	-114.000000	-88.000000	0.000000
RT.No1748	230.000000	-106.000000	-99.000000	0.000000
RT.No1749	227.000000	-106.000000	-108.000000	0.000000
RT.No1750	222.000000	-113.000000	-113.000000	0.000000
RT.No1751	217.000000	-125.000000	-114.000000	0.000000
RT.No1752	214.000000	-141.000000	-113.000000	0.000000
RT.No1753	213.000000	-159.000000	-110.000000	0.000000
RT.No1754	214.000000	-177.000000	-107.000000	0.000000
RT.No1755	216.000000	-192.000000	-104.000000	0.000000
RT.No1756	219.000000	-201.000000	-100.000000	0.000000
RT.No1757	221.000000	-200.000000	-95.000000	0.000000
RT.No1758	225.000000	-188.000000	-89.000000	0.000000
RT.No1759	228.000000	-168.000000	-83.000000	0.000000
RT.No1760	230.000000	-141.000000	-80.000000	0.000000
RT.No1761	228.000000	-110.000000	-82.000000	0.000000
RT.No1762	221.000000	-78.000000	-86.000000	0.000000
RT.No1763	208.000000	-43.000000	-89.000000	0.000000
RT.No1764	191.000000	-7.000000	-85.000000	0.000000
RT.No1765	173.000000	25.000000	-78.000000	0.000000
RT.No1766	155.000000	54.000000	-67.000000	0.000000
RT.No1767	138.000000	78.000000	-55.000000	0.000000
RT.No1768	121.000000	98.000000	-43.000000	0.000000
RT.No1769	107.000000	113.000000	-32.000000	0.000000
RT.No1770	95.000000	126.000000	-24.000000	0.000000
RT.No1771	85.000000	136.000000	-16.000000	0.000000
RT.No1772	78.000000	142.000000	-12.000000	0.000000
RT.No1773	73.000000	143.000000	-15.000000	0.000000
RT.No1774	69.000000	138.000000	-27.000000	0.000000
RT.No1775	64.000000	131.000000	-44.000000	0.000000
RT.No1776	56.000000	122.000000	-66.000000	0.000000
RT.No1777	35.000000	112.000000	-83.000000	0.000000
RT.No1778	10.000000	102.000000	-100.000000	0.000000
RT.No1779	-14.000000	91.000000	-116.000000	0.000000
RT.No1780	-39.000000	79.000000	-130.000000	0.000000
RT.No1781	-60.000000	69.000000	-143.000000	0.000000
RT.No1782	-75.000000	61.000000	-152.000000	0.000000
RT.No1783	-86.000000	55.000000	-157.000000	0.000000
RT.No1784	-91.000000	53.000000	-159.000000	0.000000
RT.No1785	-91.000000	54.000000	-158.000000	0.000000
RT.No1786	-90.000000	56.000000	-157.000000	0.000000
RT.No1787	-74.000000	59.000000	-161.000000	0.000000
RT.No1788	-56.000000	63.000000	-167.000000	0.000000
RT.No1789	-37.000000	68.000000	-172.000000	0.000000
RT.No1790	-16.000000	72.000000	-177.000000	0.000000
RT.No1791	1.000000	73.000000	-180.000000	0.000000
RT.No1792	14.000000	73.000000	-183.000000	0.000000
RT.No1793	25.000000	72.000000	-185.000000	0.000000
RT.No1794	29.000000	69.000000	-187.000000	0.000000
RT.No1795	31.000000	66.000000	-190.000000	0.000000
RT.No1796	31.000000	63.000000	-192.000000	0.000000
RT.No1797	30.000000	60.000000	-193.000000	0.000000
RT.No1798	28.000000	58.000000	-194.000000	0.000000
RT.No1799	24.000000	55.000000	-195.000000	0.000000
RT.No1800	19.000000	54.000000	-196.000000	0.000000
RT.No1801	13.000000	53.000000	-196.000000	0.000000
RT.No1802	8.000000	52.000000	-197.000000	0.000000
RT.No1803	4.000000	51.000000	-197.000000	0.000000
RT.No1804	1.000000	51.000000	-197.000000	0.000000
RT.No1805	-1.000000	50.000000	-197.000000	0.000000
RT.No1806	-1.000000	50.000000	-197.000000	0.000000
RT.No1807	-1.000000	50.000000	-197.000000	0.000000
RT.No1808	-2.000000	50.000000	-197.000000	0.000000
RT.No1809	-2.000000	50.000000	-197.000000	0.000000
RT.No1810	-2.000000	50.000000	-197.000000	0.000000
RT.No1811	-2.000000	50.000000	-197.000000	0.000000
RT.No1812	-2.000000	50.000000	-197.000000	0.000000
RT.No1813	-2.000000	50.000000	-197.000000	0.000000
RT.No1814	-2.000000	50.000000	-196.000000	0.000000
RT.No1815	-2.000000	50.000000	-196.000000	0.000000
RT.No1816	-2.000000	50.000000	-196.000000	0.000000
RT.No1817	-3.000000	51.000000	-196.000000	0.000000
RT.No1818	-2.000000	50.000000	-196.000000	0.000000
RT.No1819	-3.000000	50.000000	-196.000000	0.000000
RT.No1820	-3.000000	51.000000	-196.000000	0.000000
RT.No1821	-3.000000	50.000000	-196.000000	0.000000
RT.No1822	-3.000000	50.000000	-196.000000	0.000000
RT.No1823	-3.000000	50.000000	-196.000000	0.000000
RT.No1824	-3.000000	50.000000	-197.000000	0.000000
RT.No1825	-3.000000	50.000000	-197.000000	0.000000
RT.No1826	-3.000000	50.000000	-197.000000	0.000000
RT.No1827	-3.000000	50.000000	-196.000000	0.000000
RT.No1828	-3.000000	50.000000	-197.000000	0.000000
RT.No1829	-3.000000	50.000000	-196.000000	0.000000
RT.No1830	-3.000000	50.000000	-196.000000	0.000000
RT.No1831	-3.000000	51.000000	-196.000000	0.000000
RT.No1832	-3.000000	51.000000	-196.000000	0.000000
RT.No1833	-3.000000	51.000000	-196.000000	0.000000
RT.No1834	-3.000000	50.000000	-196.000000	0.000000